Source/Plugins-Experimental/Plugins.HydroModeler/Components/DiffusiveWave/Test/Data/elevation.txt
ncols         503
nrows         645
xllcorner     572450.4356393
yllcorner     404632.51080288
cellsize      27.960890377166
NODATA_value  -9999
[rows 560 to 587 of 645, columns 378 to 440 of 503]
260.5597 260.9929 261.3824 261.0708 261.2837 261.1672 261.1423 261.5441 261.8563 261.8379 261.3306 260.9983 261.031 261.0059 261.4867 261.8235 261.7459 262.2071 261.8874 261.6949 260.9226 260.1273 258.4527 257.2867 256.2532 258.2224 259.8037 260.4546 261.4378 262.8613 264.4782 264.6107 262.4252 259.5829 258.0587 256.1909 253.8659 251.8612 250.2204 248.47 246.5482 245.0086 242.4465 241.266 240.3164 241.1575 241.0634 240.2671 237.9025 234.4254 232.9548 231.8305 230.1042 232.5592 232.2789 232.2899 231.8539 231.6373 231.531 231.6363 230.0839 232.3846 229.8734
260.0319 260.5883 260.6508 260.6595 260.6128 260.4082 260.7289 261.1066 261.2025 261.2184 260.8921 260.6226 259.9465 259.8536 260.5753 261.0731 261.2636 261.0557 260.7233 260.6183 260.5385 260.0198 259.3088 258.5173 258.9003 260.3792 261.8367 262.7432 263.3447 264.1866 264.9508 264.6107 262.4252 259.5829 258.0587 256.1909 253.8659 251.8612 250.2204 248.47 246.5482 245.0086 242.4465 241.266 240.3164 241.1575 241.0634 240.2671 237.9025 234.4254 232.9548 231.8305 230.1042 232.5592 232.2789 232.2899 231.8539 231.6373 231.531 231.6363 230.0839 232.3846 229.8734
260.0319 260.5883 260.6508 260.6595 260.6128 260.4082 260.7289 261.1066 261.2025 261.2184 260.8921 260.6226 259.9465 259.8536 260.5753 261.0731 261.2636 261.0557 260.7233 260.6183 260.5385 260.0198 259.3088 258.5173 258.9003 260.3792 261.8367 262.7432 263.3447 264.1866 264.9508 264.2116 261.9467 258.9899 257.6902 256.0184 254.211 252.6374 250.8366 248.7369 247.276 245.5737 242.6887 241.5775 241.8097 242.2157 241.7179 240.8865 239.5629 236.4596 234.3594 232.3182 231.6888 230.0144 232.7239 232.4292 231.9166 231.6386 231.1852 231.6995 230.235 231.8668 230.7298
259.8211 260.3672 260.4276 260.0615 259.9091 259.6933 260.303 260.4969 260.5656 260.6764 260.2887 259.641 259.6712 259.6699 259.5248 260.4708 260.4332 260.0187 259.6512 259.5366 259.4147 259.1591 259.0487 258.5354 259.9333 261.5535 263.0034 263.8767 263.8705 263.2601 262.7606 262.0531 260.0177 257.4286 256.9021 255.0981 253.1654 252.2172 250.7169 249.2823 247.7504 245.9365 243.6572 242.7276 242.752 242.9701 242.5498 241.2006 239.9612 238.1594 235.5283 232.7039 232.1015 231.3111 230.1318 232.8133 232.2708 231.6269 231.9901 230.0729 232.47 232.256 231.8736
259.6528 260.0804 260.1385 259.4094 259.289 259.1726 259.5586 259.7531 260.0298 259.7382 259.5746 259.2614 258.5712 258.4295 258.6536 259.8736 260.0908 259.8979 259.4379 258.9387 258.7487 258.5739 257.6425 257.7349 259.8752 260.8697 262.0695 262.7937 262.5279 261.0608 260.0236 259.1623 257.618 255.8298 255.154 253.8438 252.4263 251.0836 250.0418 248.8345 247.2706 246.0037 244.6491 243.7325 243.4718 243.6558 242.9273 242.413 240.2905 238.9285 237.3331 233.4938 233.0763 232.2047 231.5588 230.0853 231.2699 232.1895 230.7301 231.4063 232.4511 232.2066 231.8862
259.5282 259.6279 259.4246 258.9598 258.6861 258.5734 258.9876 258.8312 259.0568 259.2131 259.1355 258.4745 258.0749 257.7077 257.9556 259.0168 259.9858 260.4476 259.6702 258.9908 258.3121 257.3192 256.6698 257.1915 258.8304 259.4399 260.0504 261.0355 260.8264 259.5604 258.4945 257.9344 256.8354 254.3722 253.6998 252.6205 251.5013 250.3035 249.5943 248.7495 247.0816 246.9697 245.6843 244.4519 244.3083 244.342 243.9469 242.8373 241.8555 240.0008 238.5531 235.3909 233.9881 233.3184 233.817 233.6719 231.3981 230.5672 232.089 232.5601 232.5306 232.3962 232.2369
259.2252 259.3632 258.8272 258.4969 258.014 257.9165 257.7458 257.9825 258.3054 258.6115 258.5062 258.1318 257.3586 257.2792 257.5813 258.7163 260.029 260.7725 260.6414 259.5127 258.0162 257.1106 256.3981 256.4831 257.6457 258.0325 258.5388 259.1147 258.7801 257.8222 257.1454 256.4004 255.3944 253.6431 253.2342 252.2271 250.8618 250.1347 249.256 248.0485 247.4563 247.0434 245.5322 245.3069 244.9956 244.6155 244.1466 243.4203 242.3252 241.4542 239.8507 237.3519 235.3041 234.8114 234.8236 234.5589 233.9219 233.2753 232.4577 232.4576 232.6362 232.3551 232.4925
258.7439 258.8887 258.4672 257.9297 257.2972 257.0669 257.3779 257.2732 257.7178 257.7935 257.8813 257.7238 257.1618 257.1438 257.3713 258.6177 259.9814 261.0071 260.92 259.3492 257.5529 256.3852 255.8632 255.9091 256.2551 256.6231 256.7426 256.8083 256.3539 255.4344 255.406 254.4021 253.6219 253.31 252.3876 251.3102 250.1923 249.6127 248.3893 247.8319 247.0938 246.0819 246.0293 245.4128 244.9967 244.774 243.9771 243.2205 242.6618 241.8547 240.9761 237.8218 236.2987 237.1332 235.9557 235.1149 234.4145 234.1294 233.4021 232.2263 232.374 232.1721 232.1231
257.8861 258.2561 257.5748 256.239 255.8143 256.2921 256.7092 256.9399 256.848 257.1392 257.4149 257.3428 257.0493 257.1651 257.4934 258.9603 259.7692 260.7597 260.5357 259.2637 257.2924 255.996 255.5132 255.6121 255.2206 255.1534 255.1532 255.0558 254.7375 253.8652 253.5314 252.9995 252.2502 251.9169 251.59 250.8047 250.2014 249.8283 248.3399 248.0664 246.7607 245.8829 244.7048 244.3512 243.9935 243.6975 243.0987 242.4751 242.0009 240.3443 239.0081 239.0343 238.8038 237.8888 236.4871 235.5617 235.1052 234.4541 234.0106 232.8659 232.348 231.876 231.7673
257.1131 257.5475 257.3596 256.2462 254.1093 255.4278 255.9547 256.2662 256.6882 256.6377 256.9285 256.9877 256.7793 257.2681 257.9678 259.2202 259.8509 260.5418 260.559 259.6546 257.8859 255.9567 255.5297 255.414 254.8067 254.273 253.8778 253.6991 253.5903 253.1225 252.5948 252.5383 252.2658 251.3229 250.8309 250.5949 250.4069 250.1463 248.5327 248.2741 247.2942 246.1242 244.4542 244.0959 243.1601 242.7305 242.3394 242.0081 242.0332 241.4602 241.8054 241.9249 241.1122 239.416 236.5712 235.4751 235.2948 234.6506 234.1949 233.0779 232.5546 231.9802 231.0273
256.3624 256.64 256.7168 254.6369 253.0258 255.6742 255.0796 255.4541 255.8941 256.3726 256.3914 256.4191 256.9411 257.4684 259.0338 259.4852 260.0714 260.5786 260.4516 259.5417 257.4196 256.5975 255.295 254.5143 253.9556 253.7549 252.8561 252.3556 252.3266 252.1931 252.0466 251.9573 251.8724 250.831 250.1586 249.9654 249.6619 249.1555 248.2975 248.4298 247.2965 246.2898 244.1102 243.8362 243.9115 244.0128 243.7145 243.1782 242.5997 242.251 242.3038 242.947 242.272 238.5936 236.1739 235.2511 235.0927 234.8849 234.5947 233.6375 232.0059 230.7135 229.539
255.4841 255.7201 255.6696 253.3766 251.9603 252.7772 253.2517 253.7609 254.9426 255.6747 256.0564 256.6119 256.8853 257.9811 259.4389 259.8852 260.3771 260.6049 260.0647 259.0318 257.9052 256.7683 255.4055 254.325 253.2545 253.0216 252.4346 251.6988 251.1498 250.6822 250.7343 251.0346 250.979 250.0192 249.377 249.2701 248.5094 247.9477 248.1514 247.3752 246.6068 246.1165 243.6298 243.921 243.8344 244.4192 244.4352 243.4711 242.7621 242.4188 242.4927 243.3971 242.2038 239.2273 235.8019 235.1023 235.1347 234.8455 234.4897 233.6375 232.0059 230.7135 229.539
254.3567 254.4955 253.7806 251.8445 250.59 250.6985 251.5052 252.7049 254.5674 255.3174 255.5528 256.438 257.3181 258.6566 260.3194 260.698 260.9131 260.6013 259.6475 258.377 257.2057 255.9459 255.4055 254.325 253.2545 253.0216 252.4346 251.6988 251.1498 250.6822 250.7343 251.0346 250.979 250.0192 249.377 249.2701 248.5094 247.9477 248.1514 247.3752 246.6068 246.1165 243.6298 243.921 243.8344 244.4192 244.4352 243.4711 242.7621 242.4188 242.4927 243.3971 242.2038 239.2273 235.8019 235.1023 235.1347 234.8455 234.4897 234.5278 229.5252 230.7788 231.7056
254.3567 254.4955 253.7806 251.8445 250.59 250.6985 251.5052 252.7049 254.5674 255.3174 255.5528 256.438 257.3181 258.6566 260.3194 260.698 260.9131 260.6013 259.6475 258.377 257.2057 255.9459 254.7868 253.9151 252.9751 252.4103 251.8356 251.4986 250.9986 250.4071 250.1585 249.6825 249.7809 248.9979 248.5728 247.9223 247.565 247.6605 246.8182 246.6106 246.5831 244.9371 242.4881 242.9491 243.5321 243.7748 244.0423 243.685 242.9062 242.5005 242.3384 242.9301 241.6575 238.9826 235.5919 235.0427 235.1326 234.6387 234.2376 233.8477 231.5032 231.6597 231.4959
253.5154 252.8551 251.4188 250.5634 249.1073 249.7375 251.0544 252.4337 253.6494 253.6227 255.3129 256.3759 257.4325 259.1424 261.263 261.8542 261.8304 260.9789 259.8632 258.4491 256.4365 254.2741 253.2669 252.8565 252.12 252.2666 251.9472 251.7257 251.3295 250.8275 250.4839 250.0773 249.6138 247.8459 248.1294 246.9399 246.9619 246.2843 246.1237 246.328 245.5323 244.5934 241.1617 241.7629 242.5056 243.0357 243.0984 242.9201 242.3414 242.0719 241.5792 241.0667 240.6944 237.6904 235.5781 235.0909 234.9846 234.4342 233.9939 232.8451 232.1911 231.6334 231.5826
252.907 251.4623 250.205 249.8353 247.8649 250.0541 251.6061 252.3999 251.8338 253.7416 255.0502 256.721 258.1266 259.1617 262.6024 263.1869 262.9509 261.8765 260.2604 258.7126 256.0344 253.7295 252.7645 251.6188 250.8566 250.6464 250.8525 251.2241 251.094 250.582 250.2139 250.0927 250.3574 247.9832 247.5562 246.5936 245.5041 245.6797 245.7905 245.3757 244.642 243.9418 240.5018 240.0487 240.8729 241.5354 241.3454 241.3928 241.4059 240.4277 240.091 239.522 238.5033 236.4286 234.8933 234.5441 234.2444 234.1069 233.7132 230.356 231.9156 231.4539 231.5323
251.8994 250.4102 248.7446 247.2522 246.4361 249.7882 251.2426 251.0295 252.7211 254.6015 255.2955 257.3909 258.4465 260.3032 263.1866 264.231 264.334 263.0513 261.3896 259.4854 257.2461 254.8942 253.5845 251.9141 250.2115 249.8715 249.7778 250.1863 250.4673 250.4468 249.9683 249.5066 249.1719 248.3846 247.4889 246.561 245.2247 244.8015 244.1903 244.1481 244.0361 243.626 241.5074 240.2918 239.4255 239.6568 239.8578 239.6292 239.8432 238.9446 238.6774 237.7827 236.6167 235.4757 234.4701 234.1823 233.8483 233.9221 233.4087 229.455 231.8204 231.2633 231.8584
251.103 249.0893 247.6465 245.4578 246.4572 250.9166 250.3987 252.0228 254.3152 255.8349 256.8422 257.6378 258.8724 260.4671 262.6263 264.3645 264.9663 264.2424 262.619 260.88 258.9557 257.1753 255.7714 253.1067 250.7141 249.6195 249.2743 249.3325 249.7242 249.939 249.676 248.9924 248.6636 247.8128 247.1277 245.6697 244.5123 244.3053 243.6566 243.4868 243.2793 243.6535 242.0245 241.5113 240.6397 238.9906 238.7153 237.4576 238.6692 237.5707 237.0894 236.2737 235.547 234.7095 234.1529 233.723 233.6551 233.6676 232.8661 229.4991 231.6144 231.4355 231.7731
249.4361 247.7838 246.0621 244.5315 248.1051 247.8683 250.7581 253.4004 255.398 257.0421 257.3178 258.1564 259.2466 260.9854 263.0515 263.9681 264.8644 264.9573 263.9129 262.2103 260.1845 258.857 257.6494 255.0639 252.5432 250.318 249.0918 248.7019 248.6142 248.8379 249.0323 248.8383 248.2801 247.4425 246.7083 245.1267 244.1727 243.6994 243.0051 242.6411 242.619 242.2584 241.3867 240.9118 240.4839 239.2439 238.334 237.2776 236.3988 235.9603 234.9787 234.1537 233.5667 233.2045 232.7751 232.547 233.1683 233.3667 232.6011 229.4959 231.5458 231.8343 231.7019
248.1433 246.6088 244.3043 246.121 249.0443 249.7502 251.6038 253.5023 255.391 257.2037 257.7674 258.4565 259.9704 261.2456 263.013 263.7482 264.1031 264.1363 263.8756 262.9161 261.385 260.3656 259.2182 256.5389 254.5667 252.1501 250.6155 249.0076 248.1522 248.1221 248.3118 248.4109 247.934 247.3225 246.9654 245.7126 244.7214 244.0099 243.2477 242.5345 241.8354 241.0882 240.2234 239.6955 239.071 237.9044 237.7532 238.097 238.554 237.6361 236.5901 235.8719 235.5331 234.1529 233.4144 231.8391 231.3781 232.5661 232.7049 229.4901 231.5307 231.5655 231.6226
246.4457 244.2091 243.5106 246.2035 248.0959 249.9802 251.8206 253.5181 255.3093 257.0997 257.6056 258.1934 259.544 260.9735 262.6783 262.8896 263.2523 263.326 263.1695 262.4633 261.5328 260.8243 260.1876 257.1847 255.2388 254.0813 252.3545 250.0697 248.8517 247.8118 247.6561 247.8508 247.5155 246.8237 246.4985 245.5871 244.6727 243.9813 243.6141 243.5411 243.5837 243.2493 241.8503 242.1411 241.9337 241.8977 242.0698 241.6152 240.6262 239.0577 238.1446 236.7678 236.1489 234.8318 233.6226 232.9554 231.8152 231.5517 233.1045 229.4705 231.3593 231.4695 231.5098
244.9861 242.1503 243.6867 245.9992 245.432 250.1864 251.7982 253.3676 255.2893 256.897 257.2758 257.4251 258.6553 260.3694 262.0514 262.3994 262.1988 262.1006 261.5959 261.495 261.1291 260.6345 259.8718 257.6647 255.5912 254.0736 252.7195 251.3413 249.3073 248.2662 247.1838 247.0552 246.8069 246.5575 245.934 245.1278 244.3306 244.129 244.3106 244.9344 245.3101 245.1685 244.1691 243.6411 243.6891 243.8761 243.5723 243.0773 241.9286 239.7307 239.2047 237.7899 237.9123 235.8118 234.2084 232.7861 231.8432 231.3413 232.4754 229.4459 231.3006 231.3809 231.6002
241.4763 242.42 241.7346 242.6483 245.5796 250.9354 252.4987 253.7537 255.4871 256.9749 257.0717 256.6883 257.8333 259.5473 261.2266 261.4269 261.3862 260.9058 260.5584 259.9822 260.3796 260.1553 259.4568 257.0408 256.2114 254.6881 253.8514 251.8834 250.6065 248.839 247.206 246.795 246.2666 246.3038 245.6764 244.7555 244.1755 244.0468 244.8055 245.3219 245.7865 245.4721 244.2165 244.0585 244.1591 244.2717 243.9364 243.2926 242.2886 240.3921 239.2047 237.7899 237.9123 235.8118 234.2084 232.7861 231.8432 231.3413 232.4754 229.4459 231.3006 231.3809 231.6002
239.7694 242.7739 244.127 246.3039 248.004 251.2773 253.1396 254.0703 255.9347 256.5095 256.8159 256.2983 257.8333 259.5473 261.2266 261.4269 261.3862 260.9058 260.5584 259.9822 260.3796 260.1553 259.4568 257.0408 256.2114 254.6881 253.8514 251.8834 250.6065 248.839 247.206 246.795 246.2666 246.3038 245.6764 244.7555 244.1755 244.0468 244.8055 245.3219 245.7865 245.4721 244.2165 244.0585 244.1591 244.2717 243.9364 243.2926 242.2886 240.3921 239.0646 238.5464 238.9554 236.4904 234.4755 232.9707 232.0059 231.4818 230.473 229.8883 231.2862 231.3106 231.6959
239.7694 242.7739 244.127 246.3039 248.004 251.2773 253.1396 254.0703 255.9347 256.5095 256.8159 256.2983 257.2689 258.5573 259.9877 260.9797 261.4633 260.3662 259.308 259.0307 259.2281 258.8532 258.74 257.5731 256.652 256.0008 254.2645 253.1143 251.307 249.7591 248.4439 246.2729 245.7705 245.9577 245.6699 244.6621 243.9729 243.9081 244.8347 245.7342 245.8534 245.6768 244.2054 243.8801 243.8448 243.9065 243.5286 243.3281 242.4231 240.8874 239.3811 239.0554 239.3308 237.2496 234.8375 233.1718 232.2405 231.9698 230.8924 231.271 231.0494 231.3489 232.7122
241.9403 243.4139 245.135 247.4977 248.7873 251.726 253.3831 254.388 255.6783 256.2031 256.7385 255.8724 256.471 257.5663 259.2577 260.2556 260.4619 259.7612 258.5977 257.9672 258.0804 258.0913 256.9868 257.2744 256.4802 255.7834 254.7397 253.4865 251.9505 250.8107 248.9095 247.2105 245.2847 245.4666 245.4151 244.6281 243.8409 243.6082 244.6496 245.5878 245.9943 245.9305 244.4584 243.7991 243.5551 243.0399 242.8415 242.2272 242.1285 241.0416 239.6116 239.4464 239.34 238.2751 236.3139 233.224 232.2377 231.8354 232.3044 232.2084 230.9821 231.0899 235.737
242.7995 244.3164 246.832 248.1376 248.8192 251.7692 253.0485 254.296 255.0344 256.0681 256.6418 255.5192 255.5692 256.6067 258.7887 259.3424 259.3183 258.6199 257.5319 256.6511 256.5961 256.738 256.7753 256.0843 255.6672 255.1523 254.0219 253.2495 251.4459 250.5928 248.7221 247.3041 244.7554 244.9359 244.8197 243.9031 243.4558 243.3171 243.929 245.2195 245.7408 245.6389 244.8543 243.7186 242.8157 242.4647 241.5904 241.2088 240.5087 240.3577 239.634 239.4179 238.9859 237.9061 236.827 234.8384 232.863 232.0129 231.9283 232.6084 230.948 231.5348 237.6508
243.2497 244.9601 246.1219 247.8062 248.9477 251.3237 252.3718 253.6521 254.394 255.4727 255.6605 255.2262 254.9788 256.0348 257.5153 258.4524 258.3105 257.3036 256.39 255.7964 255.0773 255.2959 254.8888 254.8518 254.0901 254.0498 253.2194 252.0177 250.6632 249.3971 248.3137 246.8281 244.1949 244.2333 244.2698 243.6379 243.1605 242.9438 243.1434 244.2801 244.6067 244.8183 243.5414 242.4287 241.611 241.2414 240.9028 240.3022 239.8917 239.6041 239.4651 238.5302 237.646 236.9335 235.5888 235.1959 234.7961 233.3095 231.9379 232.4563 230.8745 232.018 237.008
