Source/Plugins-Experimental/Plugins.HydroModeler/Components/DiffusiveWave/Test/Data/elevation.txt
ncols         503
nrows         645
xllcorner     572450.4356393
yllcorner     404632.51080288
cellsize      27.960890377166
NODATA_value  -9999
[rows 252 to 279 of 645, columns 315 to 377 of 503]
257.0064 258.5941 260.2937 261.3428 262.916 264.4997 265.3883 267.1825 268.6593 270.6073 271.0591 269.3455 267.3373 268.4066 273.2531 273.9131 274.3657 274.6664 275.0548 276.2849 277.5441 277.3843 276.4514 272.8702 272.1989 271.1596 270.4138 269.8637 268.6264 267.5784 266.5649 265.5018 262.1233 260.1378 258.0545 254.9194 252.5735 256.8155 258.4213 259.8638 260.3531 260.6059 261.2682 261.2612 260.9445 260.9098 260.3268 260.2712 260.1538 260.0647 260.4237 260.5777 261.0729 261.7254 260.9897 261.1264 262.0555 263.3172 264.7803 267.4371 268.6305 269.5026 270.7838
256.6663 258.2911 259.6736 260.341 260.8713 262.6404 263.9599 266.0293 267.1984 267.2641 266.667 265.1125 266.0303 268.6562 271.2074 271.7072 272.4369 274.0141 275.3532 276.7596 277.7688 277.5386 276.593 273.0026 272.1485 271.4262 270.9114 270.2121 269.0703 267.8807 266.4735 264.8107 261.3246 258.2121 256.674 254.5224 251.5051 256.0252 257.9828 259.0425 259.092 260.0893 260.2979 260.1093 259.6835 259.398 258.23 257.5353 257.7951 258.584 259.5051 259.6257 259.7825 261.0202 260.7899 261.0738 262.1721 263.8165 265.1927 268.6494 269.7756 270.7379 271.8166
256.0569 257.2744 258.2119 258.4392 259.564 262.3925 263.9034 264.8882 264.3784 263.2354 263.269 264.739 266.5797 268.0483 268.8869 270.9986 272.8333 274.0354 275.2556 276.533 277.6193 277.4765 276.5206 273.3577 272.768 271.9944 270.8158 269.7767 268.3141 267.3745 266.1187 264.8557 261.0376 257.3654 255.5214 254.5607 251.2542 254.0424 256.0226 257.235 258.0132 259.2196 258.9306 258.5237 258.2036 257.7696 256.6267 256.0625 256.6013 258.0265 258.7888 258.7928 258.7577 260.3539 260.4086 260.8716 262.1624 263.8119 265.9798 269.4059 271.2025 272.3694 273.3195
255.2713 256.0888 257.3571 258.1016 259.3066 260.623 261.1395 261.7646 261.6569 261.3873 261.9133 263.111 264.2271 265.5553 269.3317 271.0335 272.6247 274.2647 275.1725 276.3187 277.3762 277.2949 276.168 273.6126 274.0424 273.1614 271.979 270.4451 268.9786 267.2407 265.5838 264.1681 260.8923 257.8018 255.5768 254.2407 252.6196 250.1499 253.623 254.7502 256.847 257.9002 257.1812 256.4853 256.4095 256.2781 255.3375 255.3134 256.3078 257.4769 258.3183 258.0131 258.0268 259.9311 260.1438 260.8906 262.2693 263.9303 265.8281 270.092 271.6234 273.2331 274.7954
254.9825 256.289 256.9918 257.998 258.2591 258.9214 259.1093 259.9573 260.7326 262.2525 264.4032 263.5193 265.5176 267.1612 270.1641 271.6742 273.0014 274.4641 275.2481 276.226 277.2096 277.3092 276.1176 272.0423 272.0975 272.5039 271.9605 270.5754 269.0634 267.0005 265.0528 263.3386 259.3311 256.8726 255.9097 254.6986 252.9631 251.5788 250.1916 252.8989 254.3222 256.2084 254.4865 253.6884 253.6184 253.6841 253.3947 254.4632 255.9815 256.4406 257.5895 257.3337 257.5592 258.8998 259.546 260.5434 262.2176 264.0922 266.2617 270.3554 272.0905 273.6471 275.0845
253.1954 253.4484 254.2281 254.9397 256.2889 258.5676 261.8109 263.554 264.2858 264.6743 266.1225 267.2653 268.1369 268.9371 270.5267 271.99 273.2916 274.6969 275.3045 276.1552 277.0931 277.5344 276.8797 272.8589 270.4359 269.9214 269.6006 268.7895 266.9667 264.9081 263.6259 261.8284 258.5788 257.4013 256.4666 255.3623 253.9608 252.5686 251.393 250.4772 251.6653 254.3555 252.8054 251.6226 251.5694 251.856 252.6435 254.0727 255.5602 255.595 257.055 256.8708 257.2935 258.4565 258.8983 259.8987 261.6427 263.3301 265.7537 269.8999 271.6839 273.0666 273.7921
254.3384 256.065 257.8859 259.1856 260.0165 262.1162 263.5223 264.569 265.6687 266.64 267.7879 268.8477 270.0999 271.2065 270.9492 272.1236 273.4463 274.5449 275.2525 276.359 276.7105 277.2971 277.0272 274.5322 271.7333 268.2127 266.9559 265.8691 264.585 263.4124 262.5426 261.2892 258.7774 258.0785 256.7249 255.1002 254.2758 253.6265 253.173 251.2273 250.2641 250.9553 250.7911 249.8424 249.7656 251.441 253.3526 254.4173 254.6812 255.1846 256.82 256.6147 257.0456 257.8233 258.5608 259.1798 261.0696 262.2865 264.9212 268.7776 270.6998 271.7741 272.4023
253.9364 255.9334 257.6893 259.3773 260.9956 263.955 265.1674 265.5544 266.3128 267.1293 268.3981 269.9781 271.2051 272.275 271.8134 272.2426 273.1835 274.1677 274.512 275.8893 276.0356 276.5979 276.3725 275.1519 272.1038 270.0417 268.9289 267.2673 265.4166 264.2474 263.1905 261.5874 259.0051 258.1333 256.805 255.7955 255.4514 254.671 253.8459 252.5966 251.167 248.3211 248.6096 248.3273 249.0143 251.4856 253.1645 253.5335 253.6565 254.7073 256.1865 256.2569 256.5513 257.0366 257.6772 258.9162 260.1673 262.006 263.9914 268.2603 269.5407 270.6346 271.2349
254.9405 256.6664 258.0475 259.6722 263.0434 264.4567 264.7886 265.586 266.543 267.4551 268.4557 269.8673 271.3583 271.9337 272.1208 272.321 272.7608 273.2504 273.8683 274.7378 275.1793 275.7165 275.7865 275.4588 274.1133 272.7936 272.2247 270.1427 266.0487 264.1726 263.5439 262.9248 258.9591 258.303 257.6903 257.1578 255.7172 254.3543 253.5588 253.02 252.5951 250.7992 249.8867 248.4272 247.8999 249.5777 251.3592 252.2388 252.8027 253.6755 255.1416 255.8816 255.8713 256.043 256.7641 257.6732 259.5042 261.2217 263.5026 267.1273 268.2578 269.1096 269.483
255.9631 257.9123 259.3375 260.7562 262.6682 263.4011 264.3637 265.3847 265.9814 266.9514 267.7965 269.3432 270.0266 269.8233 269.9853 270.2882 271.1199 272.0667 272.7581 273.536 274.1165 274.7616 275.0255 275.2281 274.718 273.6612 271.8685 269.4921 266.2437 265.3094 265.702 264.1485 261.4813 260.6102 260.3027 259.6975 257.9892 256.7656 255.7452 254.9235 253.0171 251.239 250.4182 249.7424 248.144 247.8202 249.5032 251.105 252.5853 253.6729 255.4724 255.8015 255.375 255.1191 255.5963 256.4657 258.3878 260.5131 262.4719 265.7683 266.2175 269.1096 269.483
255.9019 257.8274 259.5114 260.7889 262.3029 263.0088 264.2401 264.4526 265.3259 266.1763 266.8359 267.086 267.2176 267.6953 268.3904 269.3395 269.8282 270.3361 271.461 272.2905 272.8355 273.8608 274.5831 275.1674 274.2864 273.0913 271.8685 269.4921 266.2437 265.3094 265.702 264.1485 261.4813 260.6102 260.3027 259.6975 257.9892 256.7656 255.7452 254.9235 253.0171 251.239 250.4182 249.7424 248.144 247.8202 249.5032 251.105 252.5853 253.6729 255.4724 255.8015 255.375 255.1191 255.5963 256.4657 258.3878 260.5131 262.4719 265.7683 266.2175 267.3754 267.4615
255.9019 257.8274 259.5114 260.7889 262.3029 263.0088 264.2401 264.4526 265.3259 266.1763 266.8359 267.086 267.2176 267.6953 268.3904 269.3395 269.8282 270.3361 271.461 272.2905 272.8355 273.8608 274.5831 275.1674 274.2864 273.0913 270.5372 267.5912 266.698 266.8665 267.1367 266.1297 264.0578 262.7344 262.1855 261.4939 260.0387 258.8467 257.3457 256.4447 253.623 251.198 250.4277 249.7503 248.8025 247.3123 247.6532 250.4652 252.0707 253.2583 255.1923 255.5898 255.0513 254.2755 254.4244 255.6826 257.6194 259.2527 261.2498 263.5403 264.4255 265.904 265.777
255.6228 257.2981 258.2599 259.5743 261.5577 262.6038 263.6706 263.9975 264.288 264.6053 264.4969 264.0026 263.9594 264.9826 266.3093 267.0064 268.0052 268.9995 269.8596 270.981 272.1659 273.2798 274.368 274.8145 274.0401 273.0209 270.6813 267.9871 267.5408 268.4869 267.9005 266.9699 265.2065 264.7221 263.593 262.1393 261.2935 260.0465 258.9435 257.0751 254.6618 251.8493 251.0818 250.2287 249.1681 248.0749 246.4195 248.6759 251.7717 252.7951 254.7084 255.1145 254.8344 253.7408 253.6774 255.0092 256.3593 257.6734 259.7912 261.7524 263.4407 265.2682 264.8223
254.7744 255.7175 256.8935 258.1571 260.2829 261.06 261.6932 262.3365 262.3646 262.2416 261.2006 260.9564 261.2522 263.6287 265.2764 266.2824 267.5561 268.5171 269.6056 271.2365 272.4441 273.4311 275.3453 275.5265 274.7094 273.4825 270.4984 269.0565 269.9861 270.0775 269.0047 268.0527 266.4662 265.3717 263.8835 262.9333 262.1891 261.0535 259.5614 257.8827 255.8944 251.7277 250.9938 250.2694 249.4167 248.3138 246.9041 246.5194 250.1878 251.7994 253.7588 254.5947 254.778 253.3463 253.0637 253.9968 255.4115 256.8801 258.6575 261.099 263.192 264.4814 264.5067
253.2701 254.4563 255.4495 255.9917 256.491 257.8164 259.8155 259.5369 259.5013 258.4186 258.0746 259.1508 260.3875 262.9566 265.3192 266.9967 268.2395 269.2065 270.6965 272.1028 273.132 273.8698 275.4395 276.0408 275.5386 273.7221 271.5857 270.6519 271.3557 270.9738 270.1306 268.863 266.489 265.5468 264.6417 263.5245 262.3546 261.0454 259.4259 257.97 254.9852 251.6401 250.7377 250.1578 249.0934 248.0223 246.71 245.8598 246.9763 249.633 252.6004 253.6068 254.182 253.3236 252.0334 253.0183 254.7523 256.2834 257.7764 260.7372 262.091 263.5467 264.2269
251.347 252.2157 252.2037 252.3631 253.0762 254.7191 256.3058 255.9157 255.9663 258.2253 258.41 257.6313 260.8028 265.9828 267.2221 268.4674 269.6741 270.5246 271.3823 272.9384 273.7726 274.3457 275.6429 276.3294 275.942 274.9162 273.3722 272.2375 271.8984 271.4211 270.7575 269.6255 267.186 266.0388 264.9772 263.7212 262.334 260.9961 259.2119 257.9707 255.7201 253.4374 252.2646 252.0007 250.5773 248.9848 248.048 245.8534 244.8868 246.1246 251.0279 252.2678 253.2629 253.0663 251.169 251.7769 253.762 255.3837 257.1486 259.9559 261.2131 262.7283 263.705
249.6875 250.886 252.344 253.2297 256.096 255.4543 256.5608 258.7045 261.3341 262.2376 263.0343 264.3795 265.7762 267.8015 268.6112 269.7445 271.1244 271.7556 272.2851 273.7307 274.3751 274.9044 275.5081 276.0328 276.0829 274.7997 273.7786 272.959 272.6672 271.8169 270.7738 268.3208 267.1392 266.1437 265.0389 263.9762 262.9326 261.1979 259.6017 258.4077 257.0101 255.3013 255.1485 254.0261 251.3325 248.1649 247.4134 246.1725 245.5585 244.3532 248.8411 251.2218 252.3477 252.5149 250.4988 250.6912 253.278 254.8885 256.4789 259.0124 260.2063 261.9214 263.2878
252.9956 254.8839 256.1172 257.3694 258.888 259.3583 260.0851 261.5147 263.8746 264.3149 265.0582 266.8244 268.1077 269.9249 270.7984 271.7173 272.5385 273.491 273.7411 274.5929 275.0537 275.2886 275.291 275.2995 275.6184 275.0143 274.0963 273.2896 272.4728 271.8183 270.9001 268.4207 267.1302 266.1825 265.204 264.396 263.1544 261.9232 260.5151 259.0575 257.7645 255.6871 255.6242 254.2659 251.6795 248.8896 248.2334 247.486 246.9543 245.39 246.8817 249.5923 251.1693 251.6288 250.2647 249.8972 252.426 254.1304 255.7293 257.9416 259.12 260.7558 261.942
255.1242 256.5656 257.9669 258.9593 260.8526 261.4505 262.3776 263.8903 265.4254 267.1878 267.4888 268.1159 269.8144 272.5525 272.7265 273.3853 274.412 275.2295 275.5992 275.5743 275.6036 275.4271 275.0154 274.7444 274.9425 274.805 274.1951 273.2109 272.2296 271.5236 270.8356 268.9654 267.9758 266.4951 265.917 264.7733 263.8039 261.751 260.3856 258.9956 257.1004 256.2573 255.2998 253.6175 251.9374 249.4442 247.5314 246.2215 245.3999 245.16 244.7128 248.4108 249.8666 250.1731 250.2436 249.3331 250.8673 252.8936 254.503 257.3886 258.1974 259.521 260.2222
255.8525 256.9575 258.1404 259.5104 261.6215 262.4904 263.6177 264.636 266.7427 268.2889 269.9318 270.8558 272.4889 275.4767 275.6253 275.7993 276.2282 276.6358 276.703 276.4146 275.8541 275.2047 274.387 274.2482 274.9416 274.5699 274.0201 273.2357 272.3397 271.2399 270.5945 269.0072 268.3633 267.6288 266.4713 265.4155 264.0435 262.393 260.5906 259.2642 257.5725 256.2905 254.7288 252.194 249.235 251.0461 250.9194 250.1651 248.3621 247.0974 242.0298 245.0409 247.6368 249.0726 249.4074 248.9699 249.9005 251.3912 253.1504 255.8956 257.4996 258.4961 258.6039
255.1416 256.1841 257.589 258.9708 261.5729 262.9148 264.3014 265.4643 267.1461 268.7793 270.351 271.3956 272.5035 274.9324 275.277 275.9591 276.6509 276.8969 276.7901 276.1578 275.3655 274.5833 273.7086 273.7197 274.3728 274.4193 273.7745 272.952 272.164 271.4754 270.7081 269.4548 268.8372 268.4276 267.2198 266.2036 264.8706 263.0803 261.5551 260.1335 258.8902 257.759 255.4922 252.7667 251.0255 253.201 252.6991 252.4955 252.321 248.6248 243.9827 242.4301 247.6368 249.0726 249.4074 248.9699 249.9005 251.3912 253.1504 255.8956 257.4996 258.4961 258.6039
255.1124 256.0835 257.2536 258.3509 260.8561 262.3738 264.1078 265.9451 268.0527 269.3851 269.7167 270.2036 271.0093 273.0866 273.9776 275.4203 276.0041 276.8969 276.7901 276.1578 275.3655 274.5833 273.7086 273.7197 274.3728 274.4193 273.7745 272.952 272.164 271.4754 270.7081 269.4548 268.8372 268.4276 267.2198 266.2036 264.8706 263.0803 261.5551 260.1335 258.8902 257.759 255.4922 252.7667 251.0255 253.201 252.6991 252.4955 252.321 245.0282 243.9827 242.4301 243.9326 246.6183 248.1178 246.8376 248.7635 251.0087 252.3669 254.7971 256.1428 256.3853 256.4358
255.1124 256.0835 257.2536 258.3509 260.8561 262.3738 264.1078 265.9451 268.0527 269.3851 269.7167 270.2036 271.0093 273.0866 273.9776 275.4203 276.0041 276.179 276.2256 275.3708 274.7098 273.8466 273.0073 273.4416 273.9214 274.1898 273.8322 272.9879 272.1208 271.5271 270.7503 269.7111 269.2493 268.4311 267.3744 266.2466 264.9214 263.7636 262.6312 261.0439 257.9583 256.4338 254.7248 252.2934 254.6591 256.0687 255.8603 255.0642 254.6921 249.9417 247.1734 242.7595 242.1625 243.6833 246.3683 245.2442 246.9957 249.7201 250.8596 254.153 254.3857 255.0366 255.9908
255.1876 256.2364 257.3009 258.5037 261.1064 262.7015 264.5494 266.0413 267.2211 268.4165 268.7004 269.397 270.5099 272.6479 273.6983 274.8661 275.0311 275.3355 275.4138 274.8474 274.0729 273.2891 272.4037 272.9168 273.3269 274.1141 273.9055 273.212 272.5106 271.559 271.1776 269.3773 268.0608 266.8454 265.8138 264.3637 262.9136 261.5929 260.6098 259.1051 258.0304 258.0041 257.3805 257.2932 257.7575 258.2159 257.8255 257.1277 257.0919 252.6805 249.7565 244.6286 241.7175 241.9744 244.3904 243.8364 246.3323 248.8352 250.3777 253.1402 252.731 253.3677 255.3216
254.7388 255.822 256.9542 258.2131 261.1841 262.6572 263.7677 264.9768 265.8726 267.8381 268.4235 269.4375 270.1918 272.1044 272.7369 273.4767 273.8655 274.3525 274.8015 274.2461 273.4753 272.5962 271.3979 272.0886 272.9861 273.6677 273.8453 273.3595 272.991 272.4635 271.2251 269.2452 268.0388 266.8799 266.2721 264.5873 262.7809 261.5421 260.8869 261.2489 261.5053 260.3165 259.396 259.2997 259.9352 260.2128 259.5092 259.0999 258.5413 254.4134 253.7337 248.9012 245.7991 240.4129 241.4043 243.6768 246.7024 248.1711 251.0804 250.6856 250.7086 252.6709 253.8647
253.9667 255.1615 256.7389 258.1277 261.1283 262.4915 263.8305 264.7377 265.5542 266.9303 267.7569 268.4085 268.7997 270.3698 271.3072 272.067 272.7418 273.4073 273.9852 273.5719 272.8717 271.967 270.5419 271.2318 272.1038 272.8305 273.2779 273.4193 273.321 272.5736 271.6105 269.4648 268.7491 268.0444 267.2808 266.4272 264.6729 264.1983 264.0949 264.3495 262.8083 261.7795 261.0492 261.0749 261.5687 261.5765 260.9724 260.0258 258.3307 256.7878 254.5644 251.1401 248.8324 246.0173 241.0569 241.9047 243.9688 246.9562 248.2688 248.7643 250.246 251.6866 252.4944
252.939 253.6992 255.3536 257.6087 260.0859 261.5583 263.1362 264.0695 264.9089 265.4297 265.8401 266.5463 267.3061 269.2286 270.2684 270.9928 272.297 272.9797 273.2468 272.7168 272.3237 271.4227 269.6821 270.4721 270.9864 272.0349 272.5935 273.116 273.3515 272.9449 271.9606 270.2498 269.6974 268.7371 268.2452 267.9157 266.9274 266.8488 266.3463 265.2048 264.2039 263.1617 262.5482 262.8507 262.9733 262.3928 261.7321 260.8224 260.4179 259.3979 256.0383 253.0375 251.612 249.2746 241.4806 240.9234 242.7194 244.6008 246.8155 247.8946 249.155 250.7536 251.1195
252.0029 253.3394 254.6823 257.2138 259.1133 260.5601 261.7056 262.0197 262.0819 262.0656 264.1321 264.9949 265.9993 268.2264 269.1453 270.4772 271.3137 271.8832 272.1825 271.9908 271.6647 270.6288 269.0495 269.8664 270.4948 271.1089 271.6777 272.3939 272.939 273.1703 272.4588 270.8043 270.4059 269.5996 269.0037 268.7533 268.6029 268.1279 267.3884 266.471 265.5214 264.8411 264.262 264.0205 263.8137 263.3996 263.1027 262.6643 262.7472 260.3032 257.4829 254.7704 253.539 251.3505 247.9462 239.8605 240.9716 243.6019 245.6514 246.9053 247.9543 248.8714 250.0133
