Source/Plugins-Experimental/Plugins.HydroModeler/Components/DiffusiveWave/Test/Data/elevation.txt
ncols         503
nrows         645
xllcorner     572450.4356393
yllcorner     404632.51080288
cellsize      27.960890377166
NODATA_value  -9999
[rows 504 to 531 of 645, columns 378 to 440 of 503]
258.5046 256.0206 253.1217 250.0947 246.2457 243.1455 238.95 234.1467 234.0259 233.5306 233.6258 233.6655 233.4111 233.6036 233.6278 233.4163 233.642 233.6889 233.7449 233.5653 233.3633 233.1544 233.2054 233.2298 233.1483 231.361 231.7009 237.4849 239.4665 239.322 238.7561 238.6577 238.8233 238.7967 238.7177 237.9756 238.0426 237.0537 236.3376 237.3833 238.5672 239.0502 238.8039 239.7686 241.5917 242.7405 243.7214 244.2483 244.8276 245.4627 246.3362 247.8734 249.4376 252.9584 254.8568 256.8618 258.3636 258.8846 259.465 259.7489 259.8404 260.4227 261.4773
259.4171 255.9858 252.2449 248.9917 246.387 243.9232 240.5541 235.5439 234.6459 233.4926 233.3508 233.3724 233.2936 233.6297 233.6048 233.3595 233.5117 233.6258 233.357 233.3737 233.1978 233.19 233.2159 233.2044 232.8044 233.7423 233.6426 237.3817 240.1944 240.1959 239.2661 238.7266 238.5574 238.5439 238.4278 238.4588 237.4123 236.0124 235.2589 236.9027 237.9205 237.8266 237.9977 239.5034 241.7882 242.6353 243.7464 244.2187 245.053 245.8997 246.7907 248.4067 250.3249 254.2914 255.8569 257.2492 258.0745 258.2736 258.7555 258.5864 258.1089 259.1341 260.511
259.8406 255.7856 251.86 248.9021 246.9358 244.7647 242.3181 237.4334 235.1048 233.3649 233.1797 233.2116 233.3175 233.2059 233.3578 233.4598 233.5081 233.2915 233.0667 233.2366 233.1508 233.2587 233.2927 233.144 231.3581 233.3415 233.4729 236.4044 239.4136 240.1039 240.0289 239.4186 238.4226 238.265 238.3321 238.2731 235.8505 234.7991 236.5304 237.4561 238.2641 238.9325 239.299 239.7435 241.5813 242.3035 243.4647 244.1653 245.0899 246.1367 247.4497 249.5072 251.4568 254.939 256.0163 256.7172 256.5341 256.312 256.6863 256.3007 256.6176 257.4827 259.0988
259.9537 255.3422 251.2029 249.0735 247.4379 245.1067 242.8098 237.2936 234.0397 233.3097 232.9328 233.1386 233.1743 233.1553 233.3175 233.2354 233.1575 233.1935 233.416 233.1635 233.2065 233.4453 233.5532 232.1521 231.4659 232.936 233.3445 236.2227 238.9895 240.3238 240.9725 240.7 239.2911 238.1661 238.2296 235.9227 234.5499 236.8899 237.6709 238.0043 238.3964 238.9325 239.299 239.7435 241.5813 242.3035 243.4647 244.1653 245.0899 246.1367 247.4497 249.5072 251.4568 254.939 256.0163 256.7172 256.5341 256.312 256.6863 256.3007 256.6176 257.4827 259.0988
261.0606 257.238 253.2439 250.3465 247.4379 245.1067 242.8098 237.2936 234.0397 233.3097 232.9328 233.1386 233.1743 233.1553 233.3175 233.2354 233.1575 233.1935 233.416 233.1635 233.2065 233.4453 233.5532 232.1521 231.4659 232.936 233.3445 236.2227 238.9895 240.3238 240.9725 240.7 239.2911 238.1661 238.2296 235.9227 234.5499 236.8899 237.6709 238.0043 238.3964 239.2365 240.1025 240.612 241.9901 242.7673 243.5473 244.1501 244.9099 245.8277 247.6961 250.0151 251.976 254.8788 255.4299 255.1836 255.0337 254.7549 254.4219 254.9239 255.5933 256.9264 257.7955
261.0606 257.238 253.2439 250.3465 248.9547 247.6804 246.0636 236.5107 233.7123 233.0175 233.1507 233.0406 233.152 233.0641 233.0867 233.102 233.0747 233.1863 233.0299 233.3302 233.3037 233.4289 233.6455 231.3338 233.718 232.8105 233.1807 233.8282 234.6824 236.3686 239.2223 240.6039 239.5654 238.0204 235.9979 235.0923 235.8296 235.8609 238.6988 238.8031 239.2399 239.5458 240.1424 241.0351 242.2318 243.1096 243.5812 244.0882 244.8694 245.8506 247.8559 250.0361 251.5722 253.605 253.9198 253.4286 253.1461 252.9072 253.0765 254.0102 255.264 256.6325 256.7726
262.1181 258.5672 255.5683 253.474 251.4432 251.7784 250.4245 236.4955 233.0148 232.9738 233.1366 232.95 232.8592 232.8769 232.8406 232.9067 232.9973 233.1031 233.1982 233.1281 233.3298 233.4082 233.897 231.3445 233.5625 232.8751 232.9178 232.7611 233.156 233.2752 235.2074 238.3724 237.9641 236.3129 234.3304 235.5478 237.0105 238.011 238.6419 238.9008 239.0661 239.419 239.9546 240.7549 242.0317 242.8814 243.4654 244.1163 244.8488 245.7605 246.9524 248.6305 250.2126 251.938 251.9064 251.3194 251.0515 251.5247 252.6072 254.0461 255.5164 256.2974 255.4812
261.7689 259.2363 256.4992 255.8801 255.7492 255.7085 255.6128 236.4109 232.8504 232.6916 232.9683 232.9168 232.8564 232.8257 232.8726 232.8249 232.8924 233.0661 233.0585 233.3085 233.0792 233.4134 233.878 231.2554 233.4844 232.7494 232.876 232.7053 232.4054 232.9476 233.104 234.5926 233.9736 233.4979 235.0921 236.5331 237.8649 238.7379 238.7828 238.6987 238.2549 238.6573 239.2174 240.1315 241.637 242.5162 243.1785 243.8991 244.8328 245.7305 246.8716 247.7701 248.9343 249.6804 249.7377 250.2009 250.509 251.4829 252.6862 254.2625 255.2987 255.7746 254.2266
260.9149 259.3151 257.7132 257.4854 258.1166 258.1695 257.2804 236.5973 232.9458 232.772 232.8428 232.8869 232.8621 233.0193 232.9098 232.8973 233.0912 233.1478 233.1881 233.2243 233.1768 233.5116 232.9417 231.3292 233.385 232.7418 232.7823 232.8607 232.3961 232.6347 232.9815 233.0847 233.1671 234.1193 236.8387 237.4622 238.3651 239.3197 239.3629 238.6387 237.9591 238.2162 238.7122 239.3014 240.8039 241.6876 242.7768 243.6698 245.2377 247.1478 247.7843 248.05 247.9135 248.0522 248.4006 249.1781 250.1627 251.075 252.5748 253.9051 254.6363 254.7974 252.7413
259.0139 257.3947 256.6234 256.6295 256.5934 256.8644 254.753 236.7944 232.6695 232.743 232.8415 232.539 232.6339 232.7228 232.8106 232.6852 232.8222 232.8516 233.0722 233.2001 233.1944 233.4839 232.4277 231.4775 233.191 232.2505 232.6028 232.7326 232.4884 233.2963 233.1194 234.0348 235.9813 236.6185 237.5625 238.0514 238.864 239.2769 239.2351 238.5105 237.8979 238.0975 238.2958 238.9742 240.4576 240.9666 242.1524 243.0399 244.7159 246.5841 247.7838 247.5206 246.7531 246.9612 247.5833 247.956 249.0017 250.1952 251.4613 252.3969 252.9747 252.9832 249.8656
256.7434 255.3084 254.5208 254.3691 253.9352 253.3734 252.132 235.9336 232.7648 232.6751 232.6712 232.7909 232.7511 232.8584 232.9729 233.0334 233.0244 233.167 233.2278 233.3363 233.4539 233.5452 232.8445 231.616 232.1523 233.0051 232.9003 232.7483 232.6917 232.9771 234.0889 236.0204 238.2291 238.4419 238.2912 238.2717 238.6158 238.6621 238.7479 238.2762 237.7631 237.7566 238.0808 238.7104 239.3508 240.4841 241.25 242.4567 243.7699 244.8189 245.6808 245.4859 245.3531 246.1735 246.6261 247.4156 247.8497 248.7878 249.9467 250.7782 251.183 250.289 246.2658
253.8665 252.6948 251.6369 251.1953 250.638 250.2146 248.9841 235.3253 232.624 232.5653 232.4817 232.3524 232.3799 232.6091 232.6096 232.5512 232.7319 232.8141 232.8306 232.9919 233.139 233.3292 233.3738 231.3995 232.9326 233.0305 232.6194 232.4627 232.4997 233.0852 235.0679 237.5792 239.1005 239.0776 238.9621 238.629 238.514 238.3526 238.3263 237.7883 237.4651 237.6588 238.2487 238.985 239.3273 239.5531 240.0761 241.7081 242.0266 243.4415 243.9397 244.2715 244.7551 245.6255 246.1062 246.6581 247.311 248.158 248.9663 249.0995 248.992 246.8702 243.6128
248.4792 247.4972 246.3903 246.8542 247.1795 246.6397 245.7093 234.615 232.5167 232.1028 232.1564 232.2469 232.3212 232.4789 232.5781 232.7496 233.2005 233.1218 232.8439 232.9642 233.0297 233.1481 233.7114 231.285 233.1173 232.7615 232.5772 232.3379 232.4568 232.9655 235.6105 238.9521 239.577 239.2579 239.1658 239.1241 238.6578 238.1647 237.9745 237.3294 237.6933 238.1123 238.6653 238.7561 238.694 238.7715 239.741 240.2388 241.4602 242.6593 243.1378 243.4789 244.5789 245.1401 245.6143 246.0049 246.4989 246.6945 246.9684 247.0956 245.6612 243.4557 244.2168
246.6561 244.1078 241.6417 241.2916 242.0306 241.1185 241.5609 234.4381 232.895 232.2763 231.9109 232.2477 232.4265 232.6402 231.7048 231.2122 231.1985 231.3928 231.2062 231.2 233.4133 233.0667 233.323 231.356 231.7422 232.5701 232.5243 232.4101 232.3873 233.1522 235.7863 238.8855 239.8809 239.7738 239.1321 239.1066 238.6255 237.9049 237.4968 236.9175 237.6916 237.9514 237.8094 237.7359 238.355 238.8279 239.3111 239.9563 241.253 242.0636 242.7649 243.7105 244.0798 244.6686 244.8956 244.9331 244.8512 244.8633 245.0266 243.3852 242.1415 242.0413 245.6387
251.3724 250.5271 248.9684 245.3345 241.4582 238.7842 236.7647 234.64 233.4439 232.516 232.1758 232.2186 232.2909 232.6498 231.206 233.1023 232.5753 232.5117 232.8042 232.6486 231.2338 231.984 233.3207 232.945 231.8675 232.0778 232.7222 232.4335 232.5464 234.8239 238.4416 238.8855 239.8809 239.7738 239.1321 239.1066 238.6255 237.9049 237.4968 236.9175 237.6916 237.9514 237.8094 237.7359 238.355 238.8279 239.3111 239.9563 241.253 242.0636 242.7649 243.7105 244.0798 244.6686 244.8956 244.9331 244.8512 244.8633 245.0266 243.3852 242.1415 242.0413 245.6387
251.3724 250.5271 248.9684 245.3345 241.4582 238.7842 236.7647 234.64 233.4439 232.516 232.1758 232.2186 232.2909 232.6498 231.206 233.1023 232.5753 232.5117 232.8042 232.6486 231.2338 231.984 233.3207 232.945 231.8675 232.0778 232.7222 232.4335 232.5464 234.8239 238.4416 240.1085 240.3975 240.3011 239.2562 239.0259 238.3433 237.6485 237.0884 236.4447 236.9314 237.44 237.3305 237.7577 237.9853 238.9495 239.2021 240.0074 240.8592 241.9378 242.6566 243.2538 243.39 243.8035 243.6171 243.5985 243.2128 243.1548 242.3854 241.4622 242.0707 243.0729 246.493
255.0159 254.2848 252.0948 249.1209 245.4772 244.6292 241.9871 234.3626 233.4275 232.9843 232.486 232.2441 232.1847 232.2492 231.201 232.8408 232.4251 232.6845 232.7718 232.8038 233.7227 231.3413 232.6387 233.3262 232.9595 231.6992 231.283 232.8582 233.1064 237.1681 239.8776 240.5412 240.7807 240.7743 239.5902 239.2125 238.3216 237.5924 237.02 236.4637 236.1775 236.9424 237.3106 237.966 238.2337 238.8719 239.1966 239.7471 240.653 241.5518 242.035 242.0219 242.4256 242.8213 242.8854 242.2105 241.5782 241.1011 240.5111 241.2892 242.3971 244.1 247.5716
258.5953 257.3666 254.836 251.7786 249.9615 248.901 247.8289 236.8615 233.4222 232.879 232.791 232.589 232.5731 232.7667 231.1932 232.0612 232.4995 232.5843 232.7093 232.6287 232.6564 233.6151 231.2368 233.0202 233.1038 233.1067 232.1309 232.025 236.2502 239.8049 240.9429 240.5025 240.5075 240.6643 239.4016 239.0125 238.4875 237.8568 237.0909 236.6842 236.0166 236.8265 237.1593 238.1117 238.8484 239.0296 239.4859 240.006 240.8068 241.1239 241.3192 240.7244 241.5841 242.3241 241.8606 240.6274 240.0748 240.396 240.9118 242.1599 243.4815 245.1525 248.2258
261.4041 260.0299 256.9856 254.8814 253.9194 252.0258 250.0434 241.7566 233.716 232.525 232.4087 232.5873 232.5161 232.6603 231.226 232.4831 232.4607 232.0856 232.0725 232.3607 232.9023 233.3002 233.3993 231.2549 232.9248 232.6586 231.4686 234.3443 238.7468 240.292 240.0936 239.9435 239.8749 239.7643 239.2785 239.0219 238.6129 238.5404 237.6152 236.4256 235.654 236.4038 237.3834 239.3387 239.6737 239.8271 240.1733 240.434 240.7143 240.6872 240.4656 240.0693 240.8524 240.8748 240.1303 239.2769 238.5283 240.4572 241.7774 243.5893 244.7435 246.1877 248.6716
263.4686 261.9471 259.2698 258.1415 257.179 254.7908 251.9467 245.2435 236.9229 233.3146 232.7892 232.5282 232.5991 232.4536 231.1843 232.9423 232.2527 232.2269 232.4988 232.9933 233.2092 233.1211 233.2031 232.7204 231.2637 231.2579 232.1941 233.6085 236.7529 238.6102 239.2105 239.5298 239.4423 239.2975 239.3377 239.1449 238.6441 237.9547 237.1934 235.4864 235.7347 236.3804 237.2486 239.4353 239.9018 240.058 240.2687 240.4817 240.3248 240.3388 240.0326 239.6911 239.6821 239.1751 238.3447 238.6508 240.1553 242.169 243.1693 244.8285 246.3395 247.6888 248.7112
263.8109 262.5591 261.0465 260.3027 258.9232 256.437 252.7678 245.7544 237.175 234.6212 233.362 232.8257 232.3569 232.4606 231.0194 232.2262 232.3832 232.8193 233.1817 233.313 233.0123 232.9557 233.0895 233.0242 233.1944 233.427 233.1515 233.3827 233.8479 235.1703 237.7182 238.8528 239.1539 239.0334 239.4523 239.5158 238.8785 238.0764 236.9384 234.2918 235.626 236.9239 237.462 238.1657 238.6586 239.2124 239.5544 239.923 240.209 240.2392 239.6745 239.7022 238.6362 237.9304 237.9778 239.3705 241.1837 242.978 243.5836 245.4623 246.7117 248.144 248.2419
261.1173 259.1187 259.009 257.739 257.2743 255.6205 252.7004 246.2773 242.7273 236.8795 234.0092 233.0588 232.3366 232.073 232.6445 230.8981 233.2339 232.938 233.2341 233.3633 233.2635 232.967 233.0305 233.4202 233.4488 233.3734 233.6958 233.3368 233.4488 233.3915 234.4099 237.4966 238.5255 239.051 240.0116 240.0103 239.6399 238.8206 236.6441 234.6451 236.8 237.797 237.8287 237.7241 238.2467 238.9799 238.971 238.9697 239.4843 239.9371 239.328 239.6836 237.7314 237.3456 238.2405 239.6447 241.5869 243.0472 243.8072 245.5884 247.213 248.5205 248.1685
261.005 257.7382 255.2931 253.4191 252.5819 252.1081 251.1032 245.0757 242.9637 239.7482 235.9393 234.0359 232.9502 232.0739 232.2519 230.9125 233.7449 233.4088 233.4922 233.2466 233.2515 233.1695 232.8786 233.2468 233.2153 233.5007 233.5652 233.4314 233.1258 233.3239 233.1143 234.2372 235.8138 237.6872 239.8228 240.2622 240.3162 238.9105 235.4668 234.8237 237.0426 237.7801 237.7417 237.5753 237.8163 238.4951 238.8051 238.8078 239.2631 239.41 239.099 238.8665 236.3525 237.4892 238.87 240.4404 241.6429 242.4979 244.0536 245.8231 247.4166 248.9623 247.2533
262.4832 261.0511 258.5933 255.8071 252.4872 249.4338 247.0844 241.9218 240.8859 239.2241 237.2112 234.7238 233.0909 232.2432 231.7069 230.8925 233.9552 233.9124 233.7761 233.4836 233.4152 233.366 233.0099 233.006 233.1894 233.3247 233.3949 233.2677 233.3468 232.906 232.981 233.0028 233.3335 234.0938 235.3507 236.2527 236.7818 236.724 233.6452 234.2874 236.3868 237.5458 237.9087 237.5116 237.9593 238.8093 239.0039 238.9006 239.6196 239.2633 238.6938 237.9014 235.5412 237.1487 238.6849 239.9121 241.0818 242.4501 244.3171 246.0931 247.8133 247.9378 245.7747
264.5521 262.3619 259.6335 256.7647 254.1407 251.3416 248.6036 244.6758 242.5806 239.5507 236.2229 233.8019 232.5654 232.1524 231.9043 230.9555 233.1505 233.3023 233.7366 233.1252 233.0922 233.5921 233.7173 233.4264 233.1315 233.124 233.2379 233.1956 233.1971 233.0749 232.7667 232.8135 232.7456 232.9013 232.6485 232.8017 232.7725 232.618 232.4735 233.6187 234.7392 234.6626 235.0703 237.0616 238.3246 238.6112 238.6734 238.9566 239.376 239.0869 238.8089 237.1828 235.7765 236.979 239.028 240.3862 241.4836 243.35 244.3262 246.6017 247.8133 247.9378 245.7747
264.8997 261.9899 259.0601 256.2914 253.7523 251.4694 246.5417 243.5865 240.1898 237.1633 236.1606 232.9032 233.1394 233.274 233.7877 231.9352 232.6815 233.1942 233.4205 233.3273 233.1801 233.0748 233.7173 233.4264 233.1315 233.124 233.2379 233.1956 233.1971 233.0749 232.7667 232.8135 232.7456 232.9013 232.6485 232.8017 232.7725 232.618 232.4735 233.6187 234.7392 234.6626 235.0703 237.0616 238.3246 238.6112 238.6734 238.9566 239.376 239.0869 238.8089 237.1828 235.7765 236.979 239.028 240.3862 241.4836 243.35 244.3262 246.6017 247.6269 246.2072 243.7232
264.8997 261.9899 259.0601 256.2914 253.7523 251.4694 246.5417 243.5865 240.1898 237.1633 236.1606 232.9032 233.1394 233.274 233.7877 231.9352 232.6815 233.1942 233.4205 233.3273 233.1801 233.0748 233.4618 233.4357 233.584 233.1056 233.1375 233.1941 233 232.9732 232.6065 232.7705 232.6406 232.7463 232.6043 232.6246 232.2061 231.785 231.8418 231.9193 231.9026 231.3604 231.879 232.3742 233.1801 235.1217 236.895 238.701 239.0079 238.9845 237.7181 236.1175 235.7306 236.9486 239.0408 240.3019 241.9091 242.9861 243.5279 245.9502 246.1619 244.6811 241.9971
263.7625 260.9718 257.5307 254.88 252.1472 249.5917 243.6154 236.0669 238.6792 240.5436 234.2398 233.3918 237.0996 240.9518 242.1869 238.7438 230.918 230.8125 233.5668 233.2147 233.5731 233.3796 233.0508 233.0564 233.075 232.9193 233.1054 232.6285 232.9172 232.5248 232.8092 232.9544 232.6972 232.7121 232.5394 232.3291 231.8826 231.6259 231.3548 231.3766 231.4644 231.3857 231.5506 231.6504 231.6694 232.4696 235.0896 238.6717 238.9696 239.0122 237.7543 235.631 235.4191 236.6079 238.2636 239.4917 240.6666 241.6758 242.2962 243.4174 243.9825 242.3016 240.6166
