Source/Plugins-Experimental/Plugins.HydroModeler/Components/DiffusiveWave/Test/Data/elevation.txt
ncols         503
nrows         645
xllcorner     572450.4356393
yllcorner     404632.51080288
cellsize      27.960890377166
NODATA_value  -9999
[rows 560 to 587 of 645, columns 252 to 314 of 503]
258.911 257.4438 256.4492 252.9468 249.8857 244.1703 237.4222 236.7473 236.8425 236.0301 236.8551 236.935 237.7666 238.506 241.0395 243.6259 245.7985 247.4457 248.1847 249.0172 249.887 250.9858 253.4102 253.9048 254.5056 255.1196 256.0601 256.6714 257.39 258.0602 257.9506 255.4571 252.969 249.1943 244.7131 242.68 240.8049 241.0348 246.0725 246.4988 251.4855 252.6488 253.3806 255.2495 256.1585 256.9276 257.6703 258.4042 259.2391 260.2784 260.9945 261.1335 260.8482 260.29 259.2469 258.5906 258.9567 260.3975 260.7377 260.2536 260.9719 262.4803 263.2644
260.4757 260.1943 258.4751 254.9157 251.5783 247.6562 242.7981 237.3813 237.3635 237.3308 235.9779 237.013 237.0553 237.6301 242.3109 244.7423 246.1663 247.6559 248.4667 249.6722 250.6547 251.6084 252.8345 253.1558 253.57 254.3529 255.2493 256.2689 257.008 257.1077 257.1904 254.4633 250.9611 246.8031 243.8869 241.4869 239.1586 242.888 245.5916 247.6318 251.3338 253.0148 254.0057 255.4101 255.7915 255.9462 256.4597 257.4577 258.1694 259.4659 259.861 260.087 259.3293 258.3157 257.4148 257.3228 258.3253 259.4677 259.1307 258.9262 260.6687 261.628 262.1098
261.6714 260.3953 258.6317 255.436 252.7813 248.6738 244.8658 240.9047 238.7327 241.1049 237.7936 237.2139 237.0961 237.5374 241.5647 243.8004 245.3775 246.8225 248.3542 249.1973 250.1307 250.71 251.388 251.8229 252.677 254.2256 255.4161 256.3308 256.6513 257.0088 256.4403 252.225 250.4522 246.291 243.3053 241.0336 239.0772 242.149 245.0866 247.2431 251.4577 252.5385 253.4523 254.7685 255.0884 254.791 255.0092 256.1745 256.5983 257.8893 258.3072 258.5276 257.7258 256.6221 256.3311 256.4398 257.1047 258.2841 257.6273 258.7039 259.8919 260.722 261.2516
261.6039 260.2735 258.4799 254.7558 251.156 246.7832 243.0838 243.6455 246.0014 247.4158 238.1223 236.4002 237.1821 237.1245 239.9682 242.072 244.2634 245.8824 247.1722 247.8651 248.1386 248.5994 250.8343 251.6643 252.9069 254.2394 255.3215 256.3282 256.7081 256.6396 255.7011 252.531 250.4733 245.4191 242.05 240.2962 240.2797 241.8466 244.7108 246.4121 249.9898 251.9979 252.8804 253.7812 253.8596 253.7779 253.9484 254.5415 254.9206 256.3785 256.3877 256.885 256.1934 254.7787 255.0444 255.7548 256.4068 256.6855 257.4199 258.4244 259.1295 259.6037 260.2717
260.7629 260.1413 258.9527 254.4298 250.8426 250.7941 248.2569 247.124 249.9423 249.8924 244.6562 237.3231 236.4297 236.4596 238.4446 240.3263 243.0123 243.8885 245.2796 246.4945 246.928 247.6138 250.8842 252.2807 253.8183 255.0292 255.5779 256.6161 256.6759 255.9156 254.534 251.5889 249.5129 245.4028 242.1554 238.2596 240.1451 241.9995 244.6431 246.3007 249.8626 251.3114 252.1749 252.5271 252.4183 252.2166 252.8282 252.8731 253.0062 254.0605 254.6023 256.885 256.1934 254.7787 255.0444 255.7548 256.4068 256.6855 257.4199 258.4244 259.1295 259.6037 260.2717
259.4132 259.2383 258.7554 255.815 254.5517 253.5493 250.5981 248.7618 249.1198 245.9559 240.1274 236.688 236.5549 236.6564 238.2265 240.4762 241.7121 242.6465 245.2796 246.4945 246.928 249.2104 250.8842 252.2807 253.8183 255.0292 255.5779 256.6161 256.6759 255.9156 254.534 251.5889 249.5129 245.4028 242.1554 238.2596 240.1451 241.9995 244.6431 246.3007 249.8626 251.3114 252.1749 252.5271 252.4183 252.2166 252.8282 252.8731 253.0062 254.0605 254.6023 254.264 253.2343 252.9697 253.3707 255.3183 255.322 255.3579 257.0222 257.8015 258.4849 258.5027 259.2681
259.4132 259.2383 258.7554 255.815 254.5517 253.5493 250.5981 248.7618 249.1198 245.9559 240.1274 236.688 236.5549 236.6564 238.2265 240.4762 241.7121 242.6465 244.4365 246.0456 247.4523 250.2582 251.2846 252.5612 254.1802 255.3904 256.0422 256.7923 256.3424 255.291 254.0313 250.3153 248.1741 245.0534 241.8435 238.3557 239.6767 241.6227 244.4629 246.2101 249.6321 250.8248 251.1077 251.2029 251.2817 251.3974 251.6253 251.414 251.0515 252.603 253.033 251.541 252.2778 252.8674 254.01 254.6316 254.2684 254.5995 255.933 256.6978 257.3 257.519 257.9818
258.2814 258.0785 257.6304 256.0841 254.9324 253.4882 251.7041 250.3291 247.1487 240.8223 236.2751 236.4464 236.9235 237.4193 238.2168 239.6156 241.7105 243.6393 245.3881 246.339 247.4079 250.369 251.4771 252.8705 254.6657 255.6892 256.4179 256.8266 256.2661 255.358 254.0056 250.5242 248.4502 244.8398 241.1344 239.1142 239.35 241.6459 244.1778 245.9303 249.2016 249.7382 250.1902 250.0766 250.5538 249.95 249.5239 249.4594 249.4801 251.1061 251.4117 250.3123 252.3107 253.065 253.4027 253.7572 253.4503 253.8291 255.0796 255.6275 256.314 256.5813 257.1866
256.5832 256.965 256.5028 256.3524 255.9268 255.6355 253.5204 250.127 244.5526 237.409 236.2127 236.2289 237.0512 236.8864 237.7512 239.0591 241.1251 243.5803 245.4578 246.6055 247.6514 250.5882 251.7327 252.861 254.3028 255.2498 256.0017 256.1459 256.1049 255.3303 253.9092 250.0161 248.5311 245.2542 242.4364 238.9883 238.0663 241.1243 243.5018 245.2414 248.1214 249.1329 249.1015 248.826 248.6322 248.5526 247.7004 247.8398 248.2257 249.5684 249.1644 250.3774 251.7446 251.9822 252.1769 252.8433 252.9916 253.3613 253.8712 254.5027 255.2087 255.4432 256.1151
253.9924 255.4068 255.4763 254.971 255.5154 255.4575 253.4406 249.6109 243.8358 237.1625 235.852 236.0823 236.2863 236.8363 237.085 238.5626 241.7681 244.0416 245.2021 246.1965 247.3442 250.3918 251.6414 252.5792 253.8298 254.3458 254.8797 255.3425 255.7587 254.706 253.5058 250.7732 248.9516 245.4589 241.1422 238.8777 237.9766 240.5786 243.3423 244.8358 247.1925 247.9644 247.8916 247.3686 246.7004 246.4361 246.6094 247.9876 248.2472 248.3403 249.1094 250.6505 250.6366 251.4112 251.3209 252.0867 252.3692 252.6599 253.1762 253.7256 254.1895 254.5372 254.771
249.6492 253.0607 254.2165 253.7339 254.0246 254.0915 252.4095 249.1614 243.0081 238.2785 235.8504 235.6534 235.2662 236.5773 237.4999 239.7729 242.1528 244.0889 244.9932 246.306 247.7626 250.0855 250.9231 251.4988 252.4713 253.0152 254.0379 254.8009 255.4111 254.3027 252.1466 249.983 248.8067 244.5686 239.4345 237.8287 237.8188 240.3705 243.8932 245.4495 246.3015 246.9331 246.8846 245.9175 244.9392 245.211 246.5909 247.4602 247.8653 248.0721 248.6777 249.6358 250.1043 250.4232 250.5316 251.4049 251.5758 251.4408 252.2423 252.8289 253.3311 252.9829 253.3053
247.275 249.1434 252.072 252.8132 252.4621 252.3242 250.975 247.883 242.6774 238.2623 235.708 235.5802 236.1659 236.5001 237.826 240.749 242.801 244.1627 244.933 246.4732 248.5793 249.7579 250.0931 250.3766 251.476 252.1027 253.3168 254.2672 254.9455 254.4988 252.2815 249.8643 246.8415 244.106 241.2845 238.432 236.9269 239.5188 243.6954 245.551 246.0822 246.2494 245.7882 244.8204 244.2884 245.1849 246.153 246.3185 246.1469 247.7364 248.2085 248.7457 249.1626 249.1337 250.0524 250.7391 250.686 250.9512 251.5407 251.6118 251.784 251.2976 251.9406
251.9511 244.5155 246.7884 251.2338 251.1375 250.7494 248.9752 246.4071 243.1228 240.3732 237.1916 235.3389 236.7333 236.5463 236.5328 239.0887 240.8179 242.4507 243.7582 246.2326 248.148 248.8402 249.2589 249.552 250.5869 251.3002 252.5278 253.4008 254.3055 254.6667 252.7115 251.467 248.4064 244.5031 240.8656 237.958 236.9588 239.6301 243.1018 245.1342 245.8277 245.7325 245.425 243.5188 243.3638 244.7224 244.9624 245.3488 244.5352 246.8131 247.3398 248.1278 248.6432 248.8783 249.2055 249.6504 249.5778 249.7834 250.144 249.9784 249.8544 249.8759 250.2098
250.8361 249.3865 241.6735 248.2726 248.6847 248.0711 245.9059 244.6899 242.5234 240.2569 237.0034 235.3766 236.511 236.6553 236.1936 237.333 239.6457 241.0015 242.8145 244.9492 246.8128 247.4727 248.3045 248.9127 249.8733 250.483 251.3103 252.3965 252.9741 253.2734 252.3529 250.8363 248.3002 244.8698 240.0594 236.824 237.0048 238.8445 242.1226 244.4262 245.1006 245.7596 244.8652 242.408 241.6535 243.5363 243.8933 244.2943 243.3183 245.9541 246.4133 246.8657 247.1602 247.315 247.8175 248.399 248.6404 248.7007 248.7484 248.6097 248.573 248.1561 248.5226
247.8883 247.2151 240.1488 241.6267 242.5318 242.6261 240.3865 239.4491 237.2992 236.5153 235.5754 235.3355 235.6946 235.4404 235.9493 236.1476 238.5498 239.8292 241.6592 243.3962 244.7106 246.5213 247.538 248.3754 249.0391 249.3496 250.0451 251.0683 251.8681 252.1404 251.1058 249.4487 247.7657 243.4232 238.0988 236.6735 236.6582 239.1962 241.7704 242.9879 244.1815 244.4838 244.2737 242.4902 240.7343 242.1017 242.8307 242.5583 242.7523 245.2166 245.7833 246.1922 246.4196 246.7294 246.9615 247.3574 247.4889 247.9586 247.9127 247.4022 246.3348 245.8927 245.6315
245.6633 243.6409 237.365 235.7916 235.7497 235.8915 235.6415 235.3893 235.3298 235.3311 235.2849 235.4132 235.4909 235.354 236.2133 236.8724 237.2101 238.1366 240.3844 242.0969 243.1487 245.1686 246.5218 247.6864 247.9052 248.0311 248.2839 249.7906 250.4324 251.0781 249.4593 248.1151 246.1088 243.1332 237.8558 236.569 236.3351 237.9734 240.4071 242.2645 242.4884 243.2129 242.6355 242.4902 240.7343 242.1017 242.8307 242.5583 242.7523 245.2166 245.7833 246.1922 246.4196 246.7294 246.9615 247.3574 247.4889 247.9586 247.9127 247.4022 246.3348 245.8927 245.6315
243.186 237.4706 235.4081 235.4635 235.3545 235.2996 235.2577 235.3205 235.5451 235.3392 235.2849 235.4132 235.4909 235.354 236.2133 236.8724 237.2101 238.1366 240.3844 242.0969 243.1487 245.1686 246.5218 247.6864 247.9052 248.0311 248.2839 249.7906 250.4324 251.0781 249.4593 248.1151 246.1088 243.1332 237.8558 236.569 236.3351 237.9734 240.4071 242.2645 242.4884 243.2129 242.6355 241.875 240.0988 240.6871 240.708 240.8908 242.7181 244.7214 244.9621 245.1067 245.3499 245.988 246.334 246.559 246.4844 246.8001 246.6566 245.7881 244.7179 244.4174 244.6145
243.186 237.4706 235.4081 235.4635 235.3545 235.2996 235.2577 235.3205 235.5451 235.3392 235.3181 235.4428 235.7409 235.4839 236.4194 236.3715 236.0906 235.731 236.5435 239.3508 239.8558 244.1652 245.6928 246.7373 247.2168 246.7234 247.0467 248.0537 248.8087 248.4515 247.2164 246.7188 244.6201 243.5002 239.5761 236.2864 236.1917 237.6086 239.4133 240.434 241.9211 241.9711 241.1435 238.8295 239.3184 239.6946 240.3163 241.9174 242.7293 244.3648 244.1807 244.3226 245.2505 245.543 245.7286 245.3443 244.5926 244.9681 245.4889 244.9098 243.8037 243.703 243.4892
238.1549 235.6898 235.5303 235.4111 235.3648 235.2265 235.3225 235.4035 235.3671 235.5679 235.3997 235.3411 235.7064 236.1746 235.6062 236.2261 235.9452 235.8266 235.8068 236.0422 239.2546 243.1338 244.4436 245.7306 246.2054 244.8625 245.08 246.2694 246.1482 245.5933 244.451 244.3403 243.2558 241.3104 238.746 236.1763 236.0343 236.5757 237.8712 237.9434 239.3484 239.4826 237.2814 237.6859 240.4887 241.7213 241.6352 242.4446 242.8781 243.7684 243.6145 243.5918 244.1503 245.0382 244.4348 243.7459 243.0657 243.379 244.5587 244.3554 243.2707 243.1325 242.8851
235.4886 235.6962 235.6319 235.4379 235.4807 235.5257 235.4113 235.2305 235.404 235.466 235.356 235.6764 235.6467 235.8496 234.6892 236.2615 235.7771 235.6949 235.8443 235.6004 235.9374 240.9622 243.1929 244.7612 245.0709 243.8582 242.7986 243.1676 242.4585 241.7012 241.2113 240.5255 240.6484 240.2866 238.1162 235.8078 235.5532 235.4968 235.2133 235.3082 236.0056 236.4566 238.2968 241.5684 242.827 243.093 243.2206 244.1535 243.7673 243.0646 243.0055 242.4859 243.3628 244.1609 243.7382 243.1336 242.2224 242.4546 243.5418 243.3438 242.9855 242.5001 242.6405
235.9367 235.8804 235.8325 235.5688 235.63 235.612 235.5262 235.4886 235.5941 235.3746 235.483 235.6246 235.6474 235.6747 234.829 236.2975 235.7775 235.5597 235.5449 235.5768 235.5404 236.0354 240.2279 243.7141 243.6873 241.9563 239.8368 238.873 238.1439 237.5882 236.7999 236.5662 237.241 239.4075 237.9851 236.7899 235.3855 235.4102 235.1108 234.9458 235.4985 236.349 238.4499 239.9067 240.3257 240.8008 241.8928 242.845 243.1724 241.8706 242.3349 241.8033 242.594 243.588 243.2543 242.7342 241.6458 242.144 242.4295 242.1978 242.2062 242.027 242.6116
236.0787 236.0235 235.9548 236.031 235.9053 235.7901 235.8092 235.6961 235.525 235.5871 235.7063 235.6003 235.8703 235.8722 235.979 236.2032 235.8244 235.5699 235.4109 235.2601 235.2403 235.2546 238.0183 241.1782 240.3579 238.0523 236.194 236.109 235.8976 235.726 235.5981 235.3651 235.6884 237.3533 235.8546 236.0491 236.6182 235.1909 234.9942 234.552 234.8835 235.8245 237.802 237.8914 236.9409 236.741 237.8912 240.1323 240.2795 240.5533 241.7203 241.3973 241.6341 242.778 242.6357 242.2818 241.3633 241.6927 241.8427 241.9445 241.7587 242.3481 242.9138
236.2609 236.1986 236.3656 236.2849 236.2357 236.1505 235.9284 235.7778 235.6977 235.6404 235.6586 235.615 235.8871 235.8753 235.9132 236.0529 235.9875 235.6681 235.4697 235.3481 235.3016 234.9663 235.0304 235.7952 235.6813 235.0486 234.9541 234.7777 235.4025 235.7032 235.6709 234.9449 234.8973 234.5305 234.6061 234.6843 235.1502 236.552 235.1205 234.6153 234.5701 235.9112 236.6774 236.4147 235.2002 235.0269 234.5136 235.4905 237.5096 239.2488 240.8839 241.1155 240.9793 241.6071 241.5087 241.369 241.035 241.0199 241.9574 241.5488 241.9598 242.8529 242.9132
236.3378 236.3633 236.3833 236.3325 236.1644 236.0942 236.0486 236.1303 236.0223 235.8668 235.7863 235.7825 235.7409 236.0209 235.9606 234.0934 235.981 235.896 235.6294 235.5316 235.2652 235.0778 235.0982 234.9457 234.8881 234.9645 234.9321 234.9283 234.6175 234.5657 234.6451 234.7943 234.9129 234.7163 234.9499 234.9462 234.978 235.466 235.105 234.746 234.8538 235.0009 234.8362 234.9874 234.152 234.3578 234.1368 234.1763 237.3198 238.8472 239.6876 239.6958 239.2218 239.5216 239.5988 239.8605 240.107 240.6777 241.7858 241.4598 241.9955 242.1517 242.1762
236.5803 236.5141 236.4826 236.4857 236.3129 236.2078 236.2083 236.2626 236.1741 236.0881 235.9581 235.8937 235.83 235.8431 236.0573 236.5088 235.1122 235.8263 235.8912 235.4839 235.7809 235.855 235.4898 235.1725 235.33 235.3154 235.7171 235.2618 235.1845 235.2702 235.0627 235.2506 235.0187 235.0353 234.9962 234.8984 234.9575 234.8154 235.9122 235.4205 234.9812 235.2123 234.9372 234.7364 234.7778 234.263 234.0868 233.8931 236.6016 238.19 238.6042 238.507 238.2004 238.0595 237.682 238.0629 239.115 240.0468 241.1991 241.2805 241.7998 242.0001 241.7236
236.6305 236.6523 236.7498 236.5875 236.4761 236.5999 236.4751 236.3847 236.0315 236.3907 235.7936 235.7043 234.5035 235.3242 235.3225 234.4776 234.3894 234.4972 234.1409 234.5187 234.4637 235.02 234.9369 235.1137 235.4823 235.5748 235.5584 235.5223 235.2755 235.7645 235.6375 235.6151 235.5609 235.6477 235.5607 235.3712 235.3918 235.387 234.8182 235.3158 235.147 235.2032 234.5195 235.0215 234.6998 234.4032 233.8503 234.0089 237.1949 237.4827 237.1123 236.9986 237.1735 237.0502 236.9353 236.9477 237.1009 237.0838 238.642 240.7954 241.0959 241.3731 241.4171
235.3366 236.1373 234.8689 234.8374 235.6757 235.665 235.6222 236.6025 236.2939 236.3763 236.3582 236.2745 235.9999 236.078 235.8456 235.624 235.2105 235.1664 235.317 235.5605 235.2793 235.7838 235.3568 235.2807 235.3512 235.2097 234.8671 234.9151 234.7133 234.8063 235.1907 235.0473 234.9132 234.7778 235.5607 235.3712 235.3918 235.387 234.8182 235.3158 235.147 235.2032 234.5195 235.0215 234.6998 234.4032 233.8503 234.0089 237.1949 237.4827 237.1123 236.9986 237.1735 237.0502 236.9353 236.9477 237.1009 237.6826 238.642 240.7954 241.0959 241.3731 241.4171
236.6162 236.2362 234.8689 234.8374 235.6757 235.665 235.6222 236.6025 236.2939 236.3763 236.3582 236.2745 235.9999 236.078 235.8456 235.624 235.2105 235.1664 235.317 235.5605 235.2793 235.7838 235.3568 235.2807 235.3512 235.2097 234.8671 234.9151 234.7133 234.8063 235.1907 235.0473 234.9132 234.7778 234.7943 234.8883 235.0483 235.0804 235.056 236.1839 236.1815 235.0344 234.7775 233.2707 234.7333 234.8409 233.978 235.6044 236.3707 236.071 235.8769 235.988 236.0428 236.2202 236.3123 236.6193 235.7052 236.1712 236.949 238.974 240.7613 241.0447 241.0098
