Source/Plugins/HydroModeler/Examples/HydroModeler_example_configurations/example_configuration_04/models/TOPMODEL/TI_raster.txt
ncols         63
nrows         108
xllcorner     277817.66651537
yllcorner     3880780.93501313
cellsize      6.096
NODATA_value  -9999
[rows 23 to 45 of 108, columns 0 to 50 of 63]
-9999 -9999 2.30258509299 2.30258509299 2.30258509299 2.30258509299 -4.20597638009 1.88239772566 1.46323314613 2.18176632961 2.35584964768 2.17445157966 8.72337895624 3.1304425914 2.34379272071 2.11764240553 1.84946210583 2.02694566615 1.73675589282 1.41190611516 1.26959178617 1.83134284942 2.14186983872 2.93577647117 5.02611946993 3.71127132747 3.01176787912 2.50402287317 2.71294136468 3.37068691214 4.50175286549 4.16406168853 3.85796482567 4.17960209286 3.51356265853 2.28281440553 1.26959178617 1.71512842073 4.76874453246 6.42968354966 4.07483139944 3.54532999742 3.2823589671 2.98670177671 2.53415763571 2.6564376947 -9999 -9999 -9999 -9999 -9999
-9999 -9999 2.30258509299 2.30258509299 2.30258509299 2.30258509299 -4.20717898587 -3.86060538434 1.84041855498 2.27040177943 2.48089200181 2.86396236474 2.96029347588 11.2598314313 3.44835676141 2.21968927856 2.22379024405 1.66070000585 1.35479851905 1.04702226231 1.39394009493 0.904998171149 1.48144251286 1.6108580921 3.38898401195 4.92194061194 3.50185309754 2.91232465051 3.13884008867 2.99041626832 3.35484535212 4.55401833132 3.83593940485 3.98320338575 3.69027210245 2.7329669411 1.67214697389 0.966107013368 2.32416454626 6.17996760489 5.11513555152 3.41528980613 3.53513591005 3.49905083734 3.31373926894 2.39584924743 2.0627239615 -9999 -9999 -9999 -9999
-9999 -9999 2.30258509299 2.30258509299 2.30258509299 2.30258509299 2.30258509299 -4.20957998064 2.10183222642 2.04605157638 2.28271477406 2.81353026599 2.9598260875 3.96224823441 9.4503926333 3.58167112204 2.17569706273 2.32831865184 1.99627690765 1.83974473741 1.26637060629 0.864636514547 1.12689881214 0.904998171149 1.38469430351 4.11345736814 4.49427991539 3.10437846647 2.71694670696 3.02803813438 2.74490873714 3.57326250405 4.6583846656 4.04678907828 3.53988235278 3.58777747652 2.63153996126 1.23417874586 1.99600358171 3.36040580982 6.59923527964 4.9133463039 3.74911457398 3.59804209795 3.66527311683 3.16899467077 1.90090115152 1.35178643262 -9999 -9999 -9999
-9999 -9999 2.30258509299 2.30258509299 2.30258509299 2.30258509299 2.30258509299 -4.21197522444 1.71193451644 1.98376521798 2.37195881062 2.69788976588 2.81978736545 3.37824139788 3.0409409276 9.0314636271 2.91631484441 2.35718336458 2.432314831 2.15662683586 1.88158430314 1.21997360905 1.97628496238 2.14150839862 1.81871760282 3.0245079629 3.5865282662 4.35877270016 3.19233297382 2.88197151706 3.01383212645 3.28955271645 3.69889773583 4.4124725246 3.49804385673 3.4212789365 2.83289566451 2.48824635522 2.0494938502 1.96246415545 4.4298179552 6.03382688443 4.93653583932 4.15578665259 3.61380765094 3.60516302148 3.59854507987 2.5807674032 2.98188775642 -9999 -9999
-9999 -9999 2.30258509299 2.30258509299 2.30258509299 2.30258509299 2.30258509299 -4.21476242481 -3.86779106317 1.67793996009 2.50265436146 2.76792434824 3.05756586232 3.11389044552 2.6589771635 2.25277560169 8.9177353622 4.20333190634 3.18447276752 2.9998893707 2.34335919447 2.23385691109 1.82650364905 2.06817170079 1.73948401812 2.03761152572 3.08672364627 3.55872518626 3.76210518768 2.73831172782 2.71264727674 3.25618336148 2.92255898874 4.13524614049 3.67199793707 3.03019966728 2.74151574789 2.45190735012 2.42078820983 2.08987612074 2.52008571574 5.27748922215 5.21648992647 4.82467013338 4.27619817559 3.79539651476 3.89199493262 3.82691792038 3.11759232819 2.66693530457 -9999
-9999 -9999 2.30258509299 2.30258509299 2.30258509299 2.30258509299 2.30258509299 2.30258509299 -4.21754176588 1.37094746986 1.8293051577 2.50030202791 3.23741075371 2.91061006472 2.94087565416 1.73945440478 2.84439893626 9.12618074692 3.68166549531 3.15919689911 3.16872704395 2.4190503321 2.09841226737 2.48391040753 1.95633951825 1.79026343937 2.5080733398 2.88466630223 3.50798280241 3.52892017015 2.83201661429 3.15521019904 2.38269977959 3.87613292018 3.35238177515 2.76056336283 2.9169609063 2.08473794493 2.34297907249 2.38544820923 2.52094205988 4.12806229722 5.49951230801 5.02859483202 4.24820425912 4.14109890052 3.95789351055 3.62278134533 3.71431399315 3.53904993539 3.17162300535
-9999 -9999 2.30258509299 2.30258509299 2.30258509299 2.30258509299 2.30258509299 2.30258509299 -4.21912661163 -3.8725529631 1.36536083895 2.061043316 2.78112280879 3.04318532699 2.76092926792 1.86784762379 2.1732975974 2.71114438876 8.70888919187 3.40257111663 3.47145567882 2.91345680822 2.38570118683 1.96221295641 1.62350819713 0.904998171149 1.50096316976 2.41915229444 3.14641097965 2.96971013461 3.25948126284 2.61247644637 2.94035662674 3.06851767063 3.4313856487 2.88822159098 2.34890930809 2.37202725132 2.45956492945 2.96483521458 2.32169698759 4.00172532801 5.12880030514 4.58811339481 4.16259056155 3.88452153785 3.99842806056 4.03775824091 3.63528510828 3.76053116001 3.4947020243
-9999 -9999 2.30258509299 2.30258509299 2.30258509299 2.30258509299 2.30258509299 2.30258509299 2.30258509299 -4.22070894962 -3.87453046122 1.84488409503 2.58226137273 2.62154588456 2.86035463183 2.5999801301 1.24059059559 2.10360885348 10.8405416902 4.65046616892 2.74455606475 2.74496810777 2.47981962862 2.12661162949 2.01081070281 2.18580500428 2.12186578497 1.95639991524 2.70622009937 2.71982559708 2.60720172863 2.88313298238 2.25386457218 3.29085584944 3.19755087795 2.2689232279 2.35099448206 2.51056099637 2.88066110834 2.25426410188 1.96849753739 2.56769628904 4.56928674959 4.2336103194 3.88878974441 3.73285684441 3.75581034516 3.90003731068 3.7362639929 3.17125583363 3.3246736834
-9999 -9999 2.30258509299 2.30258509299 2.30258509299 2.30258509299 2.30258509299 2.30258509299 2.30258509299 2.30258509299 -4.22347183505 -3.73030993656 2.38426027313 2.82282701899 2.73283094584 2.67911461954 1.69584091652 1.64795102316 2.4953336098 9.3845924285 3.46786175511 3.09221689231 2.96140059304 2.52755638012 2.38385151596 2.21698100659 2.26593948341 2.00700751018 1.9399170302 2.59989968418 2.27021962702 2.73647322047 2.74287302048 2.18173925906 2.91398848938 2.78410971498 2.40775592824 2.50411464784 2.47810971868 2.16918193681 2.04776066457 2.43601373249 4.10706566178 4.09695345281 4.27556366104 3.96491575996 3.29324327652 3.41889476723 3.56638014103 3.27595555096 2.71282794137
-9999 -9999 2.30258509299 2.30258509299 2.30258509299 2.30258509299 2.30258509299 2.30258509299 2.30258509299 2.30258509299 2.30258509299 -4.22701304781 1.52807202297 2.70070480579 3.04796550109 2.79497776122 1.8349369652 1.67531819943 2.0707832919 8.82252732417 9.04264081887 3.60777123021 3.33456210272 3.37849231321 3.12511343583 2.98658933078 3.18419799807 3.13697081109 3.19630658136 3.4982026372 3.63181546594 3.23772654608 2.86012957197 2.76908974008 2.21990086607 3.13967510864 3.15279562208 2.32908089938 2.47832046646 2.24147418748 1.47784591712 2.63716463297 3.62117031677 4.23599781138 4.34374812667 4.17215851979 3.8800486489 3.32421423904 3.31839483854 3.43469898446 2.95737467505
-9999 -9999 2.30258509299 2.30258509299 2.30258509299 2.30258509299 2.30258509299 2.30258509299 2.30258509299 2.30258509299 2.30258509299 -4.23015031165 -3.8843594809 1.53582409545 2.54324788778 2.60683129202 2.23268951936 2.03456869617 1.66031901273 2.07482059619 8.95225612619 3.99503101941 3.87673032492 3.63149412299 3.61736057179 3.66625486959 3.55327844403 3.23180951687 3.07928072268 2.92563114154 3.49300842711 3.17875481799 2.68188343303 2.65034619724 2.66495783423 2.15976542909 2.5946912174 2.47548562195 2.18406332539 2.30365480835 1.88231041225 2.71724815294 3.66895033974 3.53228641061 3.42847871872 4.06491043723 4.21904771528 3.73446795957 3.35320037591 3.24674544148 3.54269586628
-9999 -9999 2.30258509299 2.30258509299 2.30258509299 2.30258509299 2.30258509299 2.30258509299 2.30258509299 2.30258509299 2.30258509299 2.30258509299 -4.23249684497 -3.88592325055 1.53582409545 2.50295391332 2.62715920011 1.59648975583 1.65925419393 2.27340178254 3.92559533139 9.52420353835 4.35255232298 4.24452851828 4.00660601597 4.05036486452 4.07564396828 4.29244281414 4.13718275831 3.93620407932 3.74399805944 3.24823117897 2.67863061751 2.14329257285 2.32008312532 2.57953440156 1.97149331544 2.01460796893 2.24463816982 2.06908150752 2.38060179767 2.57290460169 3.32620361498 3.22541597985 2.87255478536 2.84906150121 3.14722712018 3.83232157194 3.73355225784 3.3738461318 3.10972305181
-9999 -9999 2.30258509299 2.30258509299 2.30258509299 2.30258509299 2.30258509299 2.30258509299 2.30258509299 2.30258509299 2.30258509299 2.30258509299 2.30258509299 -4.2344479999 -3.88865391845 1.8235062602 2.67936458178 1.39688988729 1.92148583115 2.31492779625 2.58079259439 10.0671402089 4.18303201546 2.48004470582 2.76809320792 2.21975449898 2.41163585376 2.72233805112 2.87777649207 2.9566624254 3.07859215209 3.56714254974 3.51827025808 3.07517994755 2.66292593689 2.17837547664 1.71642219405 1.30568485473 2.02613961055 2.51752615492 2.22049245126 2.51618821834 2.92512892046 2.87648439467 2.46027753415 2.13500159218 2.30239734109 2.96247729853 3.99899804998 3.46180769521 2.75297628223
-9999 -9999 2.30258509299 2.30258509299 2.30258509299 2.30258509299 2.30258509299 2.30258509299 2.30258509299 2.30258509299 2.30258509299 2.30258509299 2.30258509299 2.30258509299 -4.23678448193 -3.89059978467 2.00582778007 1.75747492973 2.02302766164 2.01398384031 1.9353634132 8.28032443636 9.42062891252 3.23225322372 2.85142375971 2.63499637736 2.32288499284 2.38119273518 2.56142517668 2.43658876809 2.13874419827 2.4421722414 3.0622994885 3.01056186206 2.39922767566 2.26635787924 2.0881690986 2.10280315082 1.54896333728 1.79303313719 2.01611762882 2.1467010975 2.55402047919 2.68512261555 2.12113360597 2.19729799805 2.18784256473 1.97085541183 3.22195338375 3.41490348831 2.55745916529
-9999 -9999 2.30258509299 2.30258509299 2.30258509299 2.30258509299 2.30258509299 2.30258509299 2.30258509299 2.30258509299 2.30258509299 2.30258509299 2.30258509299 2.30258509299 2.30258509299 -4.23911551754 -3.89215383386 2.17424113542 1.78161376989 1.66182532765 2.33462304257 2.88741423188 9.10007837926 3.42507875493 2.94237275959 2.8127322835 2.53876366757 2.0022259593 1.87405865558 1.86034555364 2.13162253607 1.75838186935 1.53576117813 2.66798311009 2.76311417086 2.19218354609 2.26911847412 2.14978651731 1.79474202891 1.15527527574 1.23417874586 1.89020463928 1.72474211719 1.94023570456 2.15717099349 2.61581499842 2.33007023231 2.11432300917 2.43129912676 2.74600011955 2.71947024196
-9999 -9999 2.30258509299 2.30258509299 2.30258509299 2.30258509299 2.30258509299 2.30258509299 2.30258509299 2.30258509299 2.30258509299 2.30258509299 2.30258509299 2.30258509299 2.30258509299 2.30258509299 -4.24066645478 1.93161778951 1.39394009493 1.65925419393 1.16272193908 1.20110889268 8.92576682009 3.52474874373 2.80104148375 2.8019878683 2.63096017142 2.6032216009 2.4503756596 2.53678579099 2.30272173108 2.37427361805 2.28820790401 2.40564805053 3.06982185097 2.95674432586 2.60387091614 2.57441492391 2.53215125203 2.56722360127 2.34377649406 1.9569814097 1.66987562969 1.04736646753 1.84767637755 2.76847861856 2.97914793751 2.24472718768 2.05942087398 2.11751206054 2.5971395583
-9999 -9999 2.30258509299 2.30258509299 2.30258509299 2.30258509299 2.30258509299 2.30258509299 2.30258509299 2.30258509299 2.30258509299 2.30258509299 2.30258509299 2.30258509299 2.30258509299 2.30258509299 -4.24260185946 -3.89602822983 1.65925419393 1.18149847381 1.92639299688 3.27028356359 2.30258509299 4.376238507 3.0703301921 2.91523691605 2.96220808551 2.90102842155 2.62540033995 2.65709309244 2.55178498043 2.77255689387 2.46953736592 1.82118341433 2.30868203389 2.76678520173 2.60966057139 2.42279416928 2.29807410659 2.73546821853 2.75871667935 2.77026148679 2.43728057746 2.11398341932 1.53732774394 1.88062691149 2.17675448074 2.78163710883 2.37867718697 2.11142936396 1.6332195199
-9999 -9999 2.30258509299 2.30258509299 2.30258509299 2.30258509299 2.30258509299 2.30258509299 2.30258509299 2.30258509299 2.30258509299 2.30258509299 2.30258509299 2.30258509299 2.30258509299 2.30258509299 2.30258509299 -4.24453352558 -3.89757387231 1.12689881214 1.56479448876 2.34492232389 9.57089465299 5.7674220255 3.18023574223 2.75469785971 2.0177386153 1.70782944769 1.59011905117 1.81300216011 2.32426093284 1.92785807366 1.2889330472 1.41971738968 2.19919840962 3.0856280709 2.37459848583 1.60214185001 2.16619751829 2.50630552123 1.73025305951 1.20110889268 2.29266268583 2.28794097693 1.84292243871 2.18544290661 2.12498132578 2.24141131961 2.77903321483 2.12508513445 2.22152386192
-9999 -9999 2.30258509299 2.30258509299 2.30258509299 2.30258509299 2.30258509299 2.30258509299 2.30258509299 2.30258509299 2.30258509299 2.30258509299 2.30258509299 2.30258509299 2.30258509299 2.30258509299 2.30258509299 2.30258509299 -4.24607608901 1.25378911192 1.55982876395 1.90937725349 4.86061767433 8.9006818658 5.37742039136 4.02807110672 3.50291242207 3.41469594236 3.20535122351 3.11200475023 2.45776379572 2.3034751479 2.61074472119 2.41381868974 2.86637099617 2.44125397343 2.47818573551 2.30296237215 1.70041223023 1.28982178631 1.61921984305 2.60248621961 2.74666084121 1.99958610182 2.16435257751 2.34949156615 2.23138852458 2.41766934004 2.23992865793 2.39756960135 2.11552110291
-9999 -9999 2.30258509299 2.30258509299 2.30258509299 2.30258509299 2.30258509299 2.30258509299 2.30258509299 2.30258509299 2.30258509299 2.30258509299 2.30258509299 2.30258509299 2.30258509299 2.30258509299 2.30258509299 2.30258509299 -4.2476162766 1.47693258493 1.6144860182 1.60627424977 4.384445244 8.22715374987 4.27311120181 5.89347322122 6.28162977231 6.27966508835 6.17141566727 6.4996755579 6.45153175295 5.87343182566 5.32679575071 3.87550606051 3.30208492936 3.37302436949 3.29542173878 2.57945784393 1.46650012066 1.27009440567 2.61569678781 3.33752736898 2.46767654122 2.01109122392 2.26423251365 1.99441774816 1.79852706019 2.27970203603 2.35637895837 2.24732773901 2.17767202542
-9999 -9999 2.30258509299 2.30258509299 2.30258509299 2.30258509299 2.30258509299 2.30258509299 2.30258509299 2.30258509299 2.30258509299 2.30258509299 2.30258509299 2.30258509299 2.30258509299 2.30258509299 2.30258509299 2.30258509299 -4.2487699715 2.00582778007 1.77145741663 2.4478087748 4.38134624076 8.16858323373 4.89003589527 5.32041434048 5.31026649117 5.26973573559 5.21910787421 4.33217284084 4.45632757485 5.52129464311 6.07331083328 6.20979586305 5.90173907789 3.09929554697 3.2625232791 3.38767252304 2.74322440514 2.88849917716 4.17774301415 3.28912960607 3.02138839359 2.84948328495 2.45724950805 2.41790819413 2.65321897238 2.9370330231 2.7952011223 2.60674029491 2.25225827052
-9999 -9999 2.30258509299 2.30258509299 2.30258509299 2.30258509299 2.30258509299 2.30258509299 2.30258509299 2.30258509299 2.30258509299 2.30258509299 2.30258509299 2.30258509299 2.30258509299 2.30258509299 2.30258509299 2.30258509299 -4.24953829007 2.19865903779 2.74730816785 3.05557466133 5.08946408375 7.91726986656 8.82549076455 2.8935959286 2.93411075974 2.82653154311 2.72198735524 2.24655394306 2.00335007318 2.50607244669 2.57238826625 3.39173669801 4.63748480015 6.06928110193 6.11774794462 6.59673925498 6.96341414931 5.76525329518 5.49126865863 5.38596397721 4.59396938443 4.10586442442 3.47522231137 3.16348703136 3.21012341464 2.85756276515 2.59312268503 2.36329836109 2.32834716735
-9999 -9999 2.30258509299 2.30258509299 2.30258509299 2.30258509299 2.30258509299 2.30258509299 2.30258509299 2.30258509299 2.30258509299 2.30258509299 2.30258509299 2.30258509299 2.30258509299 2.30258509299 2.30258509299 2.30258509299 -4.25030612756 2.17007976549 3.35213583606 4.44570396147 3.88470992522 3.97391358245 9.0070910631 3.07368268674 2.38663537015 2.27876884323 2.2608336504 2.38976186488 2.24729968021 2.13783285543 1.98496029661 1.48781566362 1.30227720151 1.37378679112 2.03892393003 2.69833824553 3.02991275015 2.6853266696 4.59439578272 4.92616387557 4.61073551042 4.2974068683 4.00589039158 4.00162936863 3.70375857424 3.48273486949 3.31421984392 3.08709411179 2.8929946325
