Source/Plugins/HydroModeler/Examples/HydroModeler_example_configurations/example_configuration_04/models/TOPMODEL/TI_raster.txt
ncols         63
nrows         108
xllcorner     277817.66651537
yllcorner     3880780.93501313
cellsize      6.096
NODATA_value  -9999
[rows 0 to 22 of 108, columns 0 to 50 of 63]
-9999 -9999 -9999 -9999 -9999 -9999 -9999 -9999 -9999 -9999 -9999 -9999 -9999 -9999 -9999 -9999 -9999 -9999 -9999 -9999 -9999 -9999 -9999 -9999 -9999 -9999 -9999 -9999 -9999 -9999 -9999 -9999 -9999 -9999 -9999 -9999 -9999 -9999 -9999 -9999 -9999 -9999 -9999 -9999 -9999 -9999 -9999 -9999 -9999 -9999 -9999
-9999 -9999 -9999 -9999 -9999 -9999 -9999 -9999 -9999 -9999 -9999 -9999 -9999 -9999 -9999 -9999 -9999 -9999 -9999 -9999 -9999 -9999 -9999 -9999 -9999 -9999 -9999 -9999 -9999 -9999 -9999 -9999 -9999 -9999 -9999 -9999 -9999 -9999 -9999 -9999 -9999 -9999 -9999 -9999 -9999 -9999 -9999 -9999 -9999 -9999 -9999
-9999 -9999 -9999 4.40998110208 4.29015267237 3.93084183923 4.04301452597 4.19566524673 3.79362577693 3.57403389969 3.73337783334 3.94704964605 3.75765633105 3.92762832905 3.47292070607 3.41917282103 3.39266296432 3.32890875879 3.46626926817 3.14393103283 2.98464866044 2.90722971724 2.63135590728 2.87001617695 2.59022321792 2.39386497462 1.90970414712 1.39197181578 1.52807202297 1.8235062602 1.32791012803 -9999 -9999 -9999 1.02655842534 0.866681583393 -3.9163160689 -4.26364716016 2.30258509299 2.30258509299 2.30258509299 2.30258509299 2.30258509299 2.30258509299 2.30258509299 2.30258509299 2.30258509299 2.30258509299 2.30258509299 2.30258509299 2.30258509299
-9999 -9999 -9999 -9999 3.53180286904 3.55820953681 3.65698130273 4.12340558358 3.27830406877 3.39153999212 2.95243158302 2.71742660486 2.70121914867 2.88061329628 2.80791257616 2.41783628945 2.48266118356 2.26252752212 2.37297160406 1.98442214477 2.42061691027 1.91510397086 1.33405392673 1.51256298633 2.58257116004 2.15959809077 1.57583274407 1.024373876 1.21737043985 2.14657723596 -9999 -9999 -9999 -9999 1.45909958279 0.826345115255 0.866681583393 -3.91669484515 -4.26516064885 2.30258509299 2.30258509299 2.30258509299 2.30258509299 2.30258509299 2.30258509299 2.30258509299 2.30258509299 2.30258509299 2.30258509299 2.30258509299 2.30258509299
-9999 -9999 -9999 -9999 -9999 -9999 5.33318622386 4.27886182974 3.73129014057 3.14201384507 2.64525262477 2.75332258246 2.64509635697 2.61642298471 2.20080366961 2.57240729468 2.32033784045 2.12853265624 1.74875516149 1.29703430647 1.43127255499 1.45510319466 1.71534590752 1.72425503153 1.75450782666 1.32791012803 0.780325204347 0.669443645046 1.52807202297 -9999 -9999 -9999 -9999 -9999 1.85507184039 1.5409142495 1.02542574975 1.01740026242 -3.9163160689 -4.26667185036 2.30258509299 2.30258509299 2.30258509299 2.30258509299 2.30258509299 2.30258509299 2.30258509299 2.30258509299 2.30258509299 2.30258509299 2.30258509299
-9999 -9999 -9999 -9999 -9999 -9999 -9999 4.42905078714 3.95080801415 4.05213485009 3.32376441788 3.09851890892 2.69364257075 2.57380731607 2.41686842074 2.44327332181 2.36259265629 2.2472031724 1.96602696125 1.54603813796 1.18149847381 1.47003591213 2.34481716357 2.0274577454 1.50457908824 0.926679341558 1.41410366335 1.58598330709 -9999 -9999 -9999 -9999 -9999 -9999 2.00813534991 2.01877159331 2.22785513336 1.88150860132 1.04736646753 -3.91858703206 -4.26818066472 2.30258509299 2.30258509299 2.30258509299 2.30258509299 2.30258509299 2.30258509299 2.30258509299 2.30258509299 2.30258509299 2.30258509299
-9999 -9999 -9999 -9999 2.78278849268 3.95296622576 2.0617020951 -9999 3.90554435935 3.92718372733 3.55889370464 3.12964037036 2.30482447144 2.48751480084 2.14432719693 1.84907355447 1.60604656244 1.54479627499 1.45088520856 1.27584573907 1.44157556821 2.73833061955 2.26730573615 1.56491591085 1.92996414213 1.49642310122 2.25256466834 -9999 -9999 -9999 -9999 -9999 -9999 3.39780439809 3.38527256651 2.91128244064 2.22812475024 1.67545086736 1.70241502913 1.0776787665 -4.2678036745 2.30258509299 2.30258509299 2.30258509299 2.30258509299 2.30258509299 2.30258509299 2.30258509299 2.30258509299 2.30258509299 2.30258509299
-9999 -9999 -9999 2.75594066362 2.57035791697 3.2127100745 4.15451871305 2.00582778007 -9999 3.73437313914 3.97528427993 3.50266240614 3.15519411982 2.84085050779 2.43796987999 2.39596244964 2.30947701615 2.19643832127 1.95533091129 1.87695027127 2.45698202993 2.58920136678 2.06113624698 2.09651205023 2.10554586555 1.59817430412 -9999 -9999 -9999 -9999 -9999 -9999 4.00677535197 4.12794208959 3.77845886478 3.36490014769 3.02361878314 2.49845833905 2.35143328769 1.69929222009 -3.92047564536 -4.27081573092 2.30258509299 2.30258509299 2.30258509299 2.30258509299 2.30258509299 2.30258509299 2.30258509299 2.30258509299 2.30258509299
-9999 -9999 -9999 2.00941638979 1.94417581761 3.18554746842 2.71748109432 4.32350796424 3.62350460495 -9999 3.34862787247 3.74852798531 3.45901676469 2.81830618544 2.47408297068 2.19845639514 1.86394049284 2.11582561038 2.2579740186 2.72210658257 1.92724750063 2.20933292097 2.12764952009 2.31275788716 1.98950006536 1.87099583517 -9999 -9999 -9999 -9999 -9999 4.91080413178 4.5483122015 4.26932189967 3.97822205938 3.66704621491 3.4333194978 3.51952712643 2.83660330483 2.22219842481 1.51854796568 -3.92424212957 -4.27269360295 2.30258509299 2.30258509299 2.30258509299 2.30258509299 2.30258509299 2.30258509299 2.30258509299 2.30258509299
-9999 -9999 -9999 1.69983343296 1.77961388868 2.02371721688 1.91674333748 3.21293048366 2.48246931893 2.42572370394 -9999 -9999 3.51641402809 2.99550459483 3.05024037414 2.55555366795 2.41905794962 2.4030116516 2.79042244007 2.07337186189 2.26537043289 2.0852014827 2.56322935107 2.45775700875 2.36939068165 1.99753998083 -9999 -9999 -9999 2.79037929955 3.03599151087 2.58390523841 2.465453023 2.15098383864 2.79184305132 3.12442139398 2.9624356436 2.93537475829 2.26380088655 1.99156996291 1.20378890117 1.56394402124 -4.27830636447 2.30258509299 2.30258509299 2.30258509299 2.30258509299 2.30258509299 2.30258509299 2.30258509299 2.30258509299
-9999 -9999 2.05471790027 1.61595142591 1.38406869891 1.8516421358 1.64922503605 2.14837968057 1.74849432516 1.60463466293 -9999 -9999 -9999 3.79983579401 3.3181502256 2.95260989883 2.59102677732 3.15930087265 2.22650033587 2.47818919904 2.74895760062 3.38131208965 2.58627780763 2.73495639487 2.83610352134 -9999 -9999 2.22082441917 2.05535995576 2.02743069798 2.06439757221 1.74272156775 2.02279592547 1.99332812428 1.85753013342 2.09034078151 2.23943786323 2.04086560556 1.09057264496 1.16849122014 1.33005716389 1.32791012803 -3.9354572046 -4.28648185208 2.30258509299 2.30258509299 2.30258509299 2.30258509299 2.30258509299 2.30258509299 2.30258509299
-9999 -9999 1.68657353293 1.26285458232 1.25157180883 1.96134765652 1.20110889268 1.8235061679 1.12810621455 2.44018529288 3.56706101903 2.95509485589 3.50307123505 -9999 3.96346437421 3.27402814592 3.10386248542 3.85694495028 3.0938315974 3.74751533788 -9999 -9999 -9999 -9999 -9999 -9999 2.15877730509 1.61445801239 1.65611796799 1.36753046448 1.17021275415 1.48095647892 1.60190060794 1.70149820528 1.92919593932 1.81108650437 1.83084998094 2.34931964024 2.72379065623 1.96799546897 2.01252277248 1.77210953615 0.599923148701 -3.94101788829 -4.28980717652 2.30258509299 2.30258509299 2.30258509299 2.30258509299 2.30258509299 2.30258509299
-9999 -9999 9.72982095087 1.5745428427 1.47539801102 2.16533206941 2.11417840866 1.31268059951 1.35110718519 1.99089741442 2.18687051597 2.91511167329 3.2205732254 2.00582778007 -9999 -9999 -9999 -9999 -9999 -9999 -9999 2.57588131031 -9999 -9999 -9999 -9999 1.9973677744 1.9482765242 1.3633312779 1.57577186906 1.23944579016 1.22624333507 1.4950460582 1.75245692568 1.69074910706 1.53471403722 1.17080090413 1.28080527459 1.23161548524 2.0099304666 0.93733680085 2.16795150474 1.18602930876 0.507961712118 -3.94360229538 -4.29238583554 -4.29459093866 2.30258509299 2.30258509299 2.30258509299 2.30258509299
-9999 -9999 10.7031284995 9.35786803479 2.38147599975 1.78989570095 1.64544284424 1.36536083895 1.23417874586 1.04621406246 1.79750807996 2.60299881683 2.50488298726 2.23752972735 8.4155525615 7.369535266 5.93545720819 5.90613897937 3.92156444727 3.51086255532 3.25498987957 3.05111047795 3.05674904415 2.78959902615 1.67298978808 2.92603736676 -9999 3.80630747116 1.94338653125 2.07019480254 1.97382705904 1.92320207988 1.93544351031 1.51268648021 1.67255543579 1.59694438154 1.80341441699 1.87403661949 2.19076079553 2.75041490919 2.26373172597 1.0020911125 2.44649273807 0.481273812846 0.897544837745 1.12689881214 -3.9476502071 -4.29569161748 2.30258509299 2.30258509299 2.30258509299
-9999 -9999 2.32215845049 3.27781683353 2.30258509299 1.94550161288 1.24451331166 1.41535755317 1.75847976048 1.55982876395 1.23417874586 1.89425607324 2.04272464123 2.58880579407 4.61456702765 5.11901769227 5.25918557802 6.19589058066 6.1178974763 3.20870969228 2.58340993019 2.84676354553 2.9187654116 2.71063455289 1.87457008748 1.7710692915 2.63765251149 -9999 4.60636823401 2.82427242168 2.2297246533 2.39785893698 2.05738363083 2.11782262539 2.19903522399 2.25154408474 2.23820651508 2.6050069731 2.8878808034 2.19761497455 1.9480816522 1.73680539795 1.54523728471 1.33426790041 1.26221173971 0.607187116355 0.753473115959 -3.94911806844 -4.29642483478 -4.29898661085 2.30258509299
-9999 -9999 1.74248715162 0.951306975003 3.67617469518 8.68181923492 2.05743342393 1.77903436236 1.1892505451 1.56394402124 1.88239772566 1.37094746986 2.50947934726 3.83476145951 3.4884794532 3.78273929072 4.87673116159 4.65287808168 5.43040566129 6.05293759596 3.36446310815 2.64699894313 2.77590244315 2.10086985573 1.95556248276 2.09507213437 1.59652299977 1.75473611757 -9999 4.11402049595 2.85101327666 2.73915828935 2.55241933118 2.31424409617 2.41308749713 2.3760322703 2.86404524341 3.02749046251 2.17908225457 1.91988186885 2.11459943145 1.79141858877 1.5838837385 1.47264302406 1.51407958136 1.45166413229 1.18359077662 0.825400853156 1.07146752032 -3.95241304632 -4.30227067959
-9999 -9999 1.49725757739 1.96164006849 1.17333894664 3.03316286239 9.70860322708 2.51665334846 2.00582778007 1.07146752032 1.39688988729 1.32278192374 1.39394009493 2.94760084693 3.32093636371 4.57245365625 3.67731928908 3.9835933738 4.32511902806 5.53199458182 6.04679747232 3.52712495199 2.68154968634 2.5228277108 1.95062749198 2.07939004459 1.26858624469 1.50726860485 3.03721641607 -9999 3.52787645805 2.67530527937 2.69010882778 2.58358990623 2.4683021765 3.23507974833 3.3449190674 2.58781937967 2.070111537 2.45824692072 2.15299612323 1.93509034677 2.51495433318 2.14721391871 1.88457558646 1.86179661207 2.01255075761 1.92896926501 1.50493029307 1.10004674912 -3.95642537474
-9999 -9999 1.10004674912 1.84425286694 1.68144586058 1.8730378365 3.21514569472 9.70257033052 2.30258509299 1.94586514856 1.08816120709 1.12689881214 1.47693258493 1.9997684878 3.53749776606 3.56265828644 2.90547332417 2.7281445269 2.88278886652 4.47571937285 6.1151192079 4.57730002044 3.56340103739 2.93367575368 2.53473973705 2.2739224968 2.02377302876 1.87142456337 2.38191459739 2.95458462844 -9999 -9999 -9999 -9999 4.34560916705 4.70413319813 2.92714147648 2.29013600587 2.60559540865 2.77912746357 2.18879707421 2.91299289925 2.67519442311 2.52632833878 2.53585114217 3.18659987995 2.5170060541 2.05729198069 1.79692546255 1.45540767956 1.3249389309
-9999 -9999 -3.8509435015 1.80909208902 1.28684048034 1.54427155012 1.77992113939 2.29625354476 4.16428753032 10.6087779852 2.03458864257 0.834924842413 1.56394402124 1.36536083895 2.2671713928 2.57572425544 2.34460337945 2.16138303329 2.56984931844 2.8675859134 5.12161587529 5.91958023889 4.55758145327 3.68906072827 2.98952370594 3.24285340622 3.12505340147 1.71193451644 2.53567221844 4.73943157189 5.27436478823 3.88223825073 -9999 -9999 -9999 -9999 -9999 -9999 4.61415656354 4.18142787241 4.19725308044 3.65697480775 3.64567273398 3.76603125129 3.44151211939 2.71373625027 2.50776410947 2.15970568526 1.88493706207 2.29835465865 1.84771968182
-9999 -9999 -4.20074808235 1.30770552258 1.15893825572 1.20812907849 1.60159340807 1.74757474779 2.00038556663 3.4362079149 10.1971042524 1.78528636021 1.19638435492 1.55982876395 1.47371147879 1.87240332138 2.07713024327 1.77676954806 2.49489896852 1.92582421018 2.63269184405 6.24113577257 4.42771620865 4.43385731205 4.57680788012 4.14578304838 4.00163211893 4.06214826243 3.60925332294 4.76434267244 3.98882513086 3.68479555829 3.1025905266 2.51062952127 2.14014412196 2.58811116736 5.13698505344 -9999 -9999 -9999 -9999 -9999 -9999 3.43291611659 3.01554453599 2.98608986344 2.81067595899 2.48992023514 2.6172931989 2.72633222636 2.66032038652
-9999 -9999 -4.20276222864 -4.20396881762 -3.85699316957 1.23417874586 1.11329246533 1.78201884832 1.77920024759 2.07700382433 9.55756053266 3.06780019495 1.92917234639 1.55536658629 1.15527527574 1.36536083895 1.62691971921 1.43601051865 2.19341986155 1.8154671763 2.1004181729 4.37991289042 6.14994079001 3.8423712702 3.44141764255 3.23620818312 3.4731116338 3.81216908675 4.42370316353 4.26678827004 4.53805720785 3.71702563803 3.24410965343 2.91525313963 1.90764318606 2.3631605366 1.85655914049 6.56425060059 5.05524053783 2.9562668468 2.38916356847 -9999 -9999 -9999 -9999 -9999 -9999 -9999 -9999 -9999 -9999
-9999 -9999 2.30258509299 2.30258509299 -4.20517383867 -3.85779701233 1.47693258493 1.25157180883 1.97722560393 1.96748128884 2.26916062637 9.89893469546 3.20999112785 2.06592273253 1.97265538172 1.84357702662 1.81859838864 1.45162703602 1.80048849926 1.4734235455 1.91436720758 2.89060754441 5.56501946765 4.29084990358 3.66575349831 2.96245027307 2.82947954703 3.1505535044 4.11873850329 4.5084120072 4.18163145086 4.44632692456 3.58357519192 3.44756451881 1.64143862787 1.94052999559 1.90707954357 5.41355311672 6.59154898762 3.48036221803 3.01923626783 2.46191717898 2.09127792867 -9999 -9999 -9999 -9999 -9999 -9999 -9999 -9999
-9999 -9999 2.30258509299 2.30258509299 2.30258509299 -4.20557518989 -3.85819869153 1.56394402124 2.18705648663 1.82408952408 2.05429594336 2.65508335032 10.5840960948 2.69837023215 2.41610219441 2.20187633174 2.19463503419 2.00544089771 1.34506645076 1.52807202297 1.64318373649 2.1000255895 3.08088496088 5.57882569617 4.41810703013 3.36145416916 2.6976111304 2.51527399783 3.29413815048 4.34239226431 4.59645507401 4.08233634058 4.19228170654 3.94869367364 1.99946768433 1.39328791298 1.58795522216 1.94099095239 6.71485403664 4.10921653603 3.37533517572 2.84292749488 2.4550598759 2.28330766909 2.70385126145 -9999 -9999 -9999 -9999 -9999 -9999
