Source/Plugins/HydroModeler/Examples/HydroModeler_example_configurations/example_configuration_04/models/TOPMODEL/TI_raster.txt
ncols         63
nrows         108
xllcorner     277817.66651537
yllcorner     3880780.93501313
cellsize      6.096
NODATA_value  -9999
[rows 46 to 68 of 108, columns 0 to 50 of 63]
-9999 -9999 2.30258509299 2.30258509299 2.30258509299 2.30258509299 2.30258509299 2.30258509299 2.30258509299 2.30258509299 2.30258509299 2.30258509299 2.30258509299 2.30258509299 2.30258509299 2.30258509299 2.30258509299 2.30258509299 -4.25107315852 3.59998369327 3.33936996754 3.87724218204 3.72684016819 2.87130171469 8.80016210998 3.75830348358 3.42313882756 2.98964988601 2.73618098198 2.43208870939 2.16142320934 2.28522611719 2.0240537139 1.75572552092 1.44013521302 1.23847060895 1.8544688004 1.81474298819 1.45555203575 1.18418042207 1.751810964 2.86338801948 3.21206911826 3.05082883535 2.94937775443 2.95304886671 3.53161937298 3.41462752508 3.2794032204 3.24305842535 3.50243823669
-9999 -9999 2.30258509299 2.30258509299 2.30258509299 2.30258509299 2.30258509299 2.30258509299 2.30258509299 2.30258509299 2.30258509299 2.30258509299 2.30258509299 2.30258509299 2.30258509299 2.30258509299 2.30258509299 2.30258509299 -4.25222287441 3.48153433649 3.5674131131 4.43677481584 3.28838545018 3.34504299411 8.93489954572 6.15346793117 3.22276412491 2.67141084031 2.54503510595 2.17547421786 1.99180746027 2.07096932705 1.90514774665 2.2328881015 2.01420874084 2.10739695915 2.35132587593 1.49665989254 0.932719577726 0.692046292924 0.949365947688 2.19294488862 1.45915907497 2.4728954246 2.3751509553 2.59593906531 2.69984128268 2.53025244536 2.11955966437 1.79185439413 3.09287755265
-9999 -9999 2.30258509299 2.30258509299 2.30258509299 2.30258509299 2.30258509299 2.30258509299 2.30258509299 2.30258509299 2.30258509299 2.30258509299 2.30258509299 2.30258509299 2.30258509299 2.30258509299 2.30258509299 2.30258509299 -4.25375363105 3.53070271541 2.38236064984 4.86955663854 4.17248504157 4.32401671471 2.30258509299 5.49532919367 6.11925823778 4.09124510844 3.27883574314 2.89528405782 2.92834828256 2.61089520464 2.19219949183 1.88952601445 2.1298616768 2.30295238465 1.94293684486 1.61292914288 1.16459772171 1.16825433342 1.77742240991 1.3939399748 2.54674610367 1.46444619161 2.83603689818 2.73146789084 2.69276145813 2.6198357429 2.24052472188 2.12506036662 2.11739950073
-9999 -9999 2.30258509299 2.30258509299 2.30258509299 2.30258509299 2.30258509299 2.30258509299 2.30258509299 2.30258509299 2.30258509299 2.30258509299 2.30258509299 2.30258509299 2.30258509299 2.30258509299 2.30258509299 2.30258509299 -4.25566389579 2.75466460515 1.98621750982 5.81680475708 3.6116437191 2.5830767048 7.54349931668 5.60121617053 6.26251520199 5.7705552965 4.75409246028 3.35948084746 2.91389491332 2.85339411376 2.81778502886 2.48847405512 2.5697667832 2.31578098421 2.08000591848 2.08791142694 1.60872393982 1.71280643276 1.2623108304 2.13286273811 2.03328213955 2.35458480757 1.77788107774 2.20334191545 2.07363968044 1.93477351393 2.16666554562 1.86509781067 1.58504410331
-9999 -9999 2.30258509299 2.30258509299 2.30258509299 2.30258509299 2.30258509299 2.30258509299 2.30258509299 2.30258509299 2.30258509299 2.30258509299 2.30258509299 2.30258509299 2.30258509299 2.30258509299 2.30258509299 2.30258509299 -4.25757051838 2.65909453705 5.51321861717 5.15570187588 3.37425889815 8.56158590352 3.67779230415 3.4550067753 6.26301495328 6.53995412165 6.68436730772 6.20550149339 6.07962051937 3.56563840234 3.48804107233 3.28152255661 3.0323633321 2.90338015099 2.85990787995 3.12733044572 3.01154501318 2.2853546329 2.51188774615 2.30324198797 1.91199328208 2.14437680645 2.37437423732 2.44797342278 2.25158026336 2.05740123888 1.85788435005 1.36536083895 -4.00509422767
-9999 -9999 2.30258509299 2.30258509299 2.30258509299 2.30258509299 2.30258509299 2.30258509299 2.30258509299 2.30258509299 2.30258509299 2.30258509299 2.30258509299 2.30258509299 2.30258509299 2.30258509299 2.30258509299 2.30258509299 -4.25985354804 2.38888843329 5.82996707728 3.23199209038 3.06537251303 10.0025905419 3.08216054037 3.66378329194 3.83699621592 4.79621551921 5.0687198937 5.89260151536 5.91857794089 6.63928890815 6.20300280569 5.53011715246 4.63801379786 4.06083946746 3.57649148346 3.12874151257 2.86003927598 2.52157392503 1.91142859387 0.502986491202 1.64127555252 0.923018147358 2.03066220858 1.31947761323 2.05777224609 1.96607283265 2.05795097583 1.21325512769 -4.35166778409
-9999 -9999 2.30258509299 2.30258509299 2.30258509299 2.30258509299 2.30258509299 2.30258509299 2.30258509299 2.30258509299 2.30258509299 2.30258509299 2.30258509299 2.30258509299 2.30258509299 2.30258509299 2.30258509299 2.30258509299 -4.26175220681 1.85208543628 5.53491203528 3.57651811807 3.51329890198 7.78551494371 1.55982876395 2.85537683988 3.67758151555 3.53027035494 3.65749251804 3.41950956986 3.91323849022 4.44294117173 5.063471075 5.60360205921 5.86157059192 5.52850312419 4.97331756188 3.36213964261 3.19615171071 2.77391747692 2.24245374061 2.05681555865 1.16570878139 1.67355007311 2.62607606256 2.25220060113 2.3203568007 2.95492396435 1.83603342392 1.29307032926 -4.34993263434
-9999 -9999 2.30258509299 2.30258509299 2.30258509299 2.30258509299 2.30258509299 2.30258509299 2.30258509299 2.30258509299 2.30258509299 2.30258509299 2.30258509299 2.30258509299 2.30258509299 2.30258509299 2.30258509299 2.30258509299 -4.26288960967 3.46168100559 5.09819432558 4.44024277322 3.45317771123 9.97522199088 4.09092072683 1.94383340129 2.78552753905 3.0874056735 2.60827997782 3.38662915082 2.77615675566 3.01994223854 3.87974453563 4.57220284312 4.87855547975 5.24929973293 5.32726836381 5.52747898837 5.07670621719 4.58349020568 4.29280610409 3.99048767543 3.94556605884 3.71688931784 3.17341229761 2.56761422265 1.98213257374 2.32705576438 1.53688916851 -4.00022806413 -4.34923763201
-9999 -9999 2.30258509299 2.30258509299 2.30258509299 2.30258509299 2.30258509299 2.30258509299 2.30258509299 2.30258509299 2.30258509299 2.30258509299 2.30258509299 2.30258509299 2.30258509299 2.30258509299 2.30258509299 2.30258509299 -4.26478251818 4.18694203247 5.02338234268 4.79221255164 3.32251719196 3.44971516363 2.30258509299 7.18658191663 1.58504410331 1.84254573194 2.90148172655 2.48546387002 3.06144800355 2.87973303328 3.17961606585 3.40691951059 4.05756428999 3.41361076636 3.3524508533 3.72242971148 4.23948248446 5.03231479811 4.67828880312 4.70898325664 4.42202543743 3.94259452451 3.19174962665 2.59652938501 2.52814006511 2.04042067536 1.21737043985 -4.34680155991 2.30258509299
-9999 -9999 2.30258509299 2.30258509299 2.30258509299 2.30258509299 2.30258509299 2.30258509299 2.30258509299 2.30258509299 2.30258509299 2.30258509299 2.30258509299 2.30258509299 2.30258509299 2.30258509299 2.30258509299 2.30258509299 -4.26629418373 4.23248109818 3.59260063168 4.37437923014 3.98342091611 2.97769350108 3.23934730953 2.50275802483 2.30258509299 2.77058955556 2.40608837478 2.69076954103 2.63525269548 2.79614388492 2.53768097349 3.13134554001 3.56512457497 3.75095377895 3.13040013783 3.41359186971 3.55482437067 3.00774600043 2.65896450117 2.61769734591 3.59855460977 3.28325666442 3.3753259188 2.63589622186 1.96383185263 1.32075950841 1.23847060895 -4.34714991964 2.30258509299
-9999 -9999 2.30258509299 2.30258509299 2.30258509299 2.30258509299 2.30258509299 2.30258509299 2.30258509299 2.30258509299 2.30258509299 2.30258509299 2.30258509299 2.30258509299 2.30258509299 2.30258509299 2.30258509299 2.30258509299 -4.26818066472 4.0418584003 3.45578912227 3.94101666483 3.86688293083 3.4374837284 3.61330660685 3.9713670457 4.12592844997 8.22255448031 1.53990673737 2.13152212798 2.27339744078 2.09151909448 2.51822999601 2.48500148527 2.97689607766 3.36230764454 3.35812000121 2.81443926174 2.97540285777 3.01757372816 2.50634927442 2.68985550729 2.23701756999 2.91046056479 2.35685600242 1.94991425882 1.36185348045 0.961131834617 -3.99918217194 -4.34749825679 2.30258509299
-9999 -9999 2.30258509299 2.30258509299 2.30258509299 2.30258509299 2.30258509299 2.30258509299 2.30258509299 2.30258509299 2.30258509299 2.30258509299 2.30258509299 2.30258509299 2.30258509299 2.30258509299 2.30258509299 2.30258509299 -3.08041837871 3.74297299863 2.91702894435 3.74755199693 3.74366596222 2.9710454121 3.7438429778 4.40361042742 3.96042058617 2.44807294844 7.42108069774 1.10106178869 2.04667897586 2.41587128109 2.0448873176 2.32251698132 1.8793066621 3.24989424077 3.15776675919 2.64469923811 2.32741903446 2.58411057854 2.51793747727 2.57933894061 2.23605921872 1.71598083199 1.73078597567 1.49689780514 0.619533418954 1.07146752032 -4.34680155991 2.30258509299 2.30258509299
-9999 -9999 2.30258509299 2.30258509299 2.30258509299 2.30258509299 2.30258509299 2.30258509299 2.30258509299 2.30258509299 2.30258509299 2.30258509299 2.30258509299 2.30258509299 2.30258509299 2.30258509299 2.30258509299 2.30258509299 -2.38333371061 3.50081773487 2.51047514048 3.77893910771 3.64077671379 3.0297055363 3.56194279534 4.30687023549 4.05726583447 3.33438301718 1.97070249525 8.03062834334 1.3921943527 2.42336173512 2.43565594996 2.27087314907 2.2763455646 2.14234546658 2.99001881707 2.65011983634 2.45498429521 2.35855573797 2.44270068755 2.40540145452 1.80128592358 1.24718633478 1.53270818504 0.941702114359 0.825400853156 -3.99953097083 -4.34784637395 2.30258509299 2.30258509299
-9999 -9999 2.30258509299 2.30258509299 2.30258509299 2.30258509299 2.30258509299 2.30258509299 2.30258509299 2.30258509299 2.30258509299 2.30258509299 2.30258509299 2.30258509299 2.30258509299 2.30258509299 2.30258509299 2.30258509299 -2.59501181789 3.68399012156 3.10970025609 3.27359374688 3.28996800637 3.38684813786 3.46114058813 4.12960362171 4.31526955735 3.20926584635 1.59586163845 7.33415118088 3.26500767425 1.72813815695 2.5859055448 2.28155352883 2.19019852064 1.91496541348 1.82920685808 2.20318668666 2.20401464957 2.53029080345 3.16189818839 1.89918947217 1.13719289073 1.51949229582 1.06533257992 1.01601716823 -3.9988333213 -4.34714991964 2.30258509299 2.30258509299 2.30258509299
-9999 -9999 2.30258509299 2.30258509299 2.30258509299 2.30258509299 2.30258509299 2.30258509299 2.30258509299 2.30258509299 2.30258509299 2.30258509299 2.30258509299 2.30258509299 2.30258509299 2.30258509299 2.30258509299 2.30258509299 -3.33383478108 3.43865767236 3.54650820893 2.92951024386 3.00747163456 3.28707326657 3.46756666536 3.98670511733 3.77786360875 3.63511563984 1.81183295108 3.4326440185 8.66000745664 3.39411905652 2.54404747227 2.88355893148 2.42523632578 1.97190603536 1.53140143583 1.61259902905 2.26274765568 2.86591448196 2.65194917122 1.99422089985 1.62278367343 1.04736646753 1.32278192374 -3.9988333213 -4.34680155991 2.30258509299 2.30258509299 2.30258509299 2.30258509299
-9999 -9999 2.30258509299 2.30258509299 2.30258509299 2.30258509299 2.30258509299 2.30258509299 2.30258509299 2.30258509299 2.30258509299 2.30258509299 2.30258509299 2.30258509299 2.30258509299 2.30258509299 2.30258509299 2.30258509299 -3.841827318 3.13142353188 3.26137235235 3.03319689585 3.03264592831 3.1628492011 3.19502490923 4.11905599888 4.00126955204 3.69962293955 2.60625878436 3.31055673746 0.149529734333 6.72675916504 2.14817765229 2.89403874215 2.83306117008 2.28408352977 1.59894468699 0.98557668935 1.92354862101 2.58986219416 1.99355400576 2.24858837709 1.8737945457 1.23417874586 -3.99987957822 -4.34749825679 2.30258509299 2.30258509299 2.30258509299 2.30258509299 2.30258509299
-9999 -9999 2.30258509299 2.30258509299 2.30258509299 2.30258509299 2.30258509299 2.30258509299 2.30258509299 2.30258509299 2.30258509299 2.30258509299 2.30258509299 2.30258509299 2.30258509299 2.30258509299 2.30258509299 2.30258509299 -4.28980717652 2.7893272713 2.7437659598 3.20340982271 2.88263621551 2.90370614763 3.07226286512 3.78533363178 3.71453672078 3.31519747973 3.12318218844 3.79034169549 0.834924842413 8.92948144127 3.58431975686 2.82191631899 2.61121875988 2.62092955242 2.27098142516 2.11844943645 1.55630042709 2.07938694532 1.64900037953 2.00077677861 1.43852873477 1.06533257992 -4.34819436997 2.30258509299 2.30258509299 2.30258509299 2.30258509299 2.30258509299 2.30258509299
-9999 -9999 2.30258509299 2.30258509299 2.30258509299 2.30258509299 2.30258509299 2.30258509299 2.30258509299 2.30258509299 2.30258509299 2.30258509299 2.30258509299 2.30258509299 2.30258509299 2.30258509299 2.30258509299 2.30258509299 -4.19714469688 1.9668544598 2.10612413264 3.10051326226 3.07383299672 2.59981132149 2.94135134265 3.54943273523 3.42425772865 3.21279634395 3.38092016684 3.64948622561 1.02029132575 6.34708722036 4.96087127695 3.54475469988 3.03228326738 2.51647459701 2.41246510621 1.73715547341 1.33459885204 1.9987206348 2.18910691072 1.71044630273 1.11329246533 -4.00196867435 -4.35027980679 2.30258509299 2.30258509299 2.30258509299 2.30258509299 2.30258509299 2.30258509299
-9999 -9999 2.30258509299 2.30258509299 2.30258509299 2.30258509299 2.30258509299 2.30258509299 2.30258509299 2.30258509299 2.30258509299 2.30258509299 2.30258509299 2.30258509299 2.30258509299 2.30258509299 2.30258509299 2.30258509299 -4.2997173135 1.09362685734 1.73616997209 2.47705229885 2.81208832865 2.59053677373 2.96970207693 3.37725516919 3.2949821692 2.88484533723 3.03819061185 4.06292567656 3.18121970055 4.94113254548 6.49952601767 3.08844156267 3.27859943049 2.74999677015 2.48059916335 2.20999774541 2.05954742661 1.76174375306 2.25727339922 2.14590655925 1.32791012803 -4.34993263434 2.30258509299 2.30258509299 2.30258509299 2.30258509299 2.30258509299 2.30258509299 2.30258509299
-9999 -9999 2.30258509299 2.30258509299 2.30258509299 2.30258509299 2.30258509299 2.30258509299 2.30258509299 2.30258509299 2.30258509299 2.30258509299 2.30258509299 2.30258509299 2.30258509299 2.30258509299 2.30258509299 2.30258509299 -4.30409045546 -3.95897046363 1.10501826841 1.96760013552 2.71623140435 2.2667893896 2.53085567973 3.3721338028 3.15391429244 2.72431803676 2.66438338141 4.17563005735 3.4913249701 4.33357367961 7.45826351016 3.80841833849 3.4922719523 3.30533286842 2.96177004867 2.56983559454 2.43383641639 2.24626797335 2.05318998022 1.63642279004 1.42425232017 -4.35062705557 2.30258509299 2.30258509299 2.30258509299 2.30258509299 2.30258509299 2.30258509299 2.30258509299
-9999 -9999 2.30258509299 2.30258509299 2.30258509299 2.30258509299 2.30258509299 2.30258509299 2.30258509299 2.30258509299 2.30258509299 2.30258509299 2.30258509299 2.30258509299 2.30258509299 2.30258509299 2.30258509299 2.30258509299 2.30258509299 -4.30953020262 -3.96440227304 1.46905878083 2.25301302581 2.34788518823 2.38939359635 2.84151728238 3.15266652129 2.83347302678 2.64444856262 3.99727749345 3.89019694658 3.98062992059 6.56437471262 6.21277537516 4.51708841451 3.70918596892 2.93233403751 2.68435418178 2.46658716324 2.06143277094 1.6091707554 1.29307032926 -4.00335898441 -4.35097408544 2.30258509299 2.30258509299 2.30258509299 2.30258509299 2.30258509299 2.30258509299 2.30258509299
-9999 -9999 2.30258509299 2.30258509299 2.30258509299 2.30258509299 2.30258509299 2.30258509299 2.30258509299 2.30258509299 2.30258509299 2.30258509299 2.30258509299 2.30258509299 2.30258509299 2.30258509299 2.30258509299 2.30258509299 2.30258509299 2.30258509299 -4.31565966071 -3.69427241006 2.03143271924 1.81018168586 2.30304399012 2.6732780668 2.70838682283 2.68417837011 2.30826968101 4.00545510697 3.72295169312 4.28501734344 5.37364717138 6.73826732348 5.50517659542 4.42509897528 3.917457132 3.17616498581 2.73669573308 2.41863396827 1.85186789161 1.13035907964 -4.35027980679 2.30258509299 2.30258509299 2.30258509299 2.30258509299 2.30258509299 2.30258509299 2.30258509299 2.30258509299
-9999 -9999 2.30258509299 2.30258509299 2.30258509299 2.30258509299 2.30258509299 2.30258509299 2.30258509299 2.30258509299 2.30258509299 2.30258509299 2.30258509299 2.30258509299 2.30258509299 2.30258509299 2.30258509299 2.30258509299 2.30258509299 2.30258509299 2.30258509299 -4.32103700489 1.11824637002 1.58414079493 1.89032747412 2.16731547717 2.05793044128 2.52763391762 2.11387835064 3.44300189085 3.29239851833 4.27636501189 5.4130713499 5.37303791472 6.23521880589 4.49410079764 3.88762170717 3.35226640718 2.6408087953 2.41337295157 1.78531061112 1.20110889268 -4.35062705557 2.30258509299 2.30258509299 2.30258509299 2.30258509299 2.30258509299 2.30258509299 2.30258509299 2.30258509299
